Insert 420 53 74 136 215 278 352 445 464 472 516 539 597 624 656 690 757 824 883 978 0
AddRevenue 420 37.19
Insert 455 6 63 101 153 238 321 370 466 523 551 629 644 717 789 852 935 972 994 0
AddRevenue 455 75
Insert 189 14 36 117 182 269 366 439 518 543 622 671 759 792 862 875 906 950 0
AddRevenue 189 27
Insert 372 70 146 209 226 261 312 378 448 472 556 616 697 700 764 786 792 854 937 995 0
AddRevenue 372 88
Insert 31 93 94 135 154 160 216 293 352 449 466 494 570 600 609 681 705 708 807 885 954 995 0
AddRevenue 31 86
Insert 201 80 175 268 349 373 390 483 530 619 621 644 678 761 768 800 809 816 850 895 934 999 0
AddRevenue 201 23
Insert 50 4 93 184 201 227 296 338 421 497 504 565 656 711 730 753 836 851 894 983 0
AddRevenue 50 26.39
Insert 152 11 59 111 159 241 250 268 302 304 371 455 524 532 575 577 617 684 752 779 858 905 994 0
AddRevenue 152 77
Insert 17 40 124 216 232 303 336 378 423 456 549 556 561 606 649 676 755 822 823 894 985 0
AddRevenue 17 60
Insert 257 80 131 189 283 345 361 388 397 456 551 614 705 755 833 838 928 945 0
AddRevenue 257 96
Insert 475 79 152 210 278 365 387 444 497 558 606 694 738 752 768 778 855 908 926 972 972 0
AddRevenue 475 82
Insert 129 85 118 130 178 234 259 341 390 395 421 491 514 581 665 748 802 856 903 974 0
AddRevenue 129 87
Insert 251 67 131 170 218 288 329 353 360 412 413 478 510 547 564 645 673 759 832 873 931 988 0
AddRevenue 251 50
Insert 380 16 113 157 240 252 254 296 297 372 373 405 438 451 537 558 652 696 755 854 919 956 968 0
AddRevenue 380 94.19
Insert 161 48 136 212 276 300 300 335 418 480 530 565 659 659 729 796 823 894 894 978 0
AddRevenue 161 47.29
Insert 439 76 166 238 319 377 402 428 501 505 596 686 758 839 847 907 918 934 992 0
AddRevenue 439 38
Insert 483 50 67 164 229 240 241 270 307 309 353 360 414 428 477 517 614 658 730 799 811 846 905 942 0
AddRevenue 483 50
Insert 57 49 125 208 274 333 425 470 503 584 603 614 656 667 730 820 874 968 0
AddRevenue 57 92
Insert 424 50 105 203 252 299 327 361 443 494 538 566 593 597 693 697 697 716 732 807 880 932 998 0
AddRevenue 424 63
Insert 357 9 107 174 234 296 307 338 373 439 494 548 621 684 777 815 848 864 921 981 0
AddRevenue 357 87.69
Insert 131 19 110 159 209 269 326 339 380 432 462 540 562 604 626 686 749 842 864 887 937 0
AddRevenue 131 12
Insert 481 30 114 181 219 292 358 419 505 564 600 616 703 710 770 812 822 873 939 970 0
AddRevenue 481 98
Insert 308 89 137 199 250 295 336 347 424 508 599 661 732 787 801 802 827 908 0
AddRevenue 308 67
Insert 10 44 124 169 232 252 294 360 386 460 467 499 509 588 599 629 704 766 838 916 990 0
AddRevenue 10 70
Insert 66 34 81 98 196 293 376 450 507 529 566 642 741 837 907 970 0
AddRevenue 66 16.69
Insert 209 50 99 183 272 295 295 373 443 462 476 529 535 572 586 667 725 792 873 880 918 0
AddRevenue 209 81
Insert 92 48 77 130 152 219 313 359 378 449 461 465 503 567 594 619 634 697 714 738 802 855 860 866 871 916 965 981 0
AddRevenue 92 79
Insert 437 64 96 117 186 201 270 315 381 480 572 587 595 669 711 760 827 849 883 965 0
AddRevenue 437 69.59
Insert 384 8 58 147 162 221 243 334 409 487 526 574 585 663 726 772 828 839 867 931 953 0
AddRevenue 384 98
Insert 298 40 50 115 176 200 238 327 363 458 494 541 582 653 654 704 796 817 894 910 913 945 0
AddRevenue 298 37
Insert 61 98 123 189 192 264 333 431 504 523 581 592 678 764 841 858 912 935 988 0
AddRevenue 61 75
Insert 12 63 119 128 167 216 276 348 416 424 446 530 578 628 712 793 827 833 846 906 975 0
AddRevenue 12 23
Insert 287 96 119 187 272 310 316 356 445 458 524 593 687 783 804 871 896 906 998 0
AddRevenue 287 18.19
Insert 183 3 32 62 108 125 199 258 275 350 391 462 477 573 580 602 695 735 789 813 891 904 941 943 996 0
AddRevenue 183 77
Insert 191 20 58 127 183 185 209 239 276 304 368 461 532 557 568 574 665 715 720 771 775 804 804 890 904 968 0
AddRevenue 191 90
Insert 310 92 123 200 264 290 353 374 447 525 620 711 731 772 812 815 886 892 936 0
AddRevenue 310 92.39
Insert 49 57 88 171 264 311 408 460 558 655 694 721 736 806 898 903 969 0
AddRevenue 49 23
Insert 364 88 150 173 225 234 262 278 350 357 420 508 531 610 642 666 692 754 793 832 861 944 982 0
AddRevenue 364 93
Insert 43 84 168 245 309 318 373 464 491 545 571 647 723 822 850 916 944 0
AddRevenue 43 70
Insert 35 93 191 235 286 333 380 444 522 616 629 718 720 735 780 815 843 910 985 0
AddRevenue 35 53.19
Insert 401 44 48 107 111 192 278 377 408 449 518 614 629 646 688 780 811 812 860 878 900 941 976 0
AddRevenue 401 11.59
Insert 409 30 118 195 233 256 343 407 449 522 597 661 677 684 765 801 882 944 0
AddRevenue 409 18.09
Insert 464 48 50 57 84 161 237 261 271 307 385 428 468 560 571 579 677 700 760 760 838 898 933 941 0
AddRevenue 464 46
Insert 385 36 50 141 141 167 201 254 340 352 375 465 508 544 579 655 742 830 858 859 859 934 0
AddRevenue 385 65
Insert 26 22 110 197 214 269 343 389 435 531 584 674 714 765 825 902 0
AddRevenue 26 87
Insert 323 50 73 159 232 240 300 336 357 416 484 583 679 753 848 887 934 980 0
AddRevenue 323 11
Insert 268 16 86 161 245 297 372 390 487 495 516 524 561 583 604 696 731 807 871 961 0
AddRevenue 268 73.69
Insert 396 63 151 184 267 352 413 488 570 611 701 791 838 871 892 931 0
AddRevenue 396 76
Insert 55 42 59 68 102 153 177 242 254 315 343 355 431 440 510 529 545 571 586 652 709 760 800 894 905 936 0
AddRevenue 55 41
Insert 171 83 99 194 238 321 362 416 498 554 630 664 714 810 883 909 976 0
AddRevenue 171 50
Find 66
AddRevenue 66 68
Find 66
Find 364
AddRevenue 364 44
Find 364
Find 380
AddRevenue 380 94.89
Find 380
Find 464
AddRevenue 464 40
Find 464
Delete 483
RemoveInterests 10 44 766 990 0
AddInterests 43 19 111 199 0
AddInterests 55 18 44 56 0
AddInterests 161 13 52 63 0
RemoveInterests 209 50 373 462 529 792 880 918 0
AddInterests 268 19 68 92 0
RemoveInterests 287 96 187 0
AddInterests 308 14 21 75 0
AddInterests 323 14 104 170 0
RemoveInterests 357 9 864 0
RemoveInterests 409 30 118 522 597 684 801 0
AddInterests 455 12 33 126 0
AddInterests 481 15 109 176 0
Range 10 19
Range 50 59
Range 90 200
AddRevenue 35 15
AddRevenue 43 95
AddRevenue 183 66.99
AddRevenue 189 72
AddRevenue 357 16
AddRevenue 380 49
AddRevenue 384 80
AddRevenue 439 56
AddRevenue 26 17.19
AddRevenue 61 93
AddRevenue 92 10
AddRevenue 183 27.89
AddRevenue 189 90
AddRevenue 287 76
AddRevenue 323 15.09
AddRevenue 364 56
AddRevenue 401 97
AddRevenue 437 21.99
AddRevenue 475 56
AddRevenue 10 10
AddRevenue 17 76.69
AddRevenue 31 35
AddRevenue 57 95
AddRevenue 92 63
AddRevenue 131 34
AddRevenue 171 91
AddRevenue 183 40
AddRevenue 201 10
AddRevenue 310 33
AddRevenue 323 82.09
AddRevenue 364 16
AddRevenue 380 14
AddRevenue 409 99
AddRevenue 420 72
AddRevenue 12 53
AddRevenue 26 45
AddRevenue 57 90
AddRevenue 92 32
AddRevenue 129 50
AddRevenue 171 44
AddRevenue 191 10
AddRevenue 201 93
AddRevenue 257 98
AddRevenue 308 85.79
AddRevenue 364 10.09
AddRevenue 420 75
AddRevenue 464 21
AddRevenue 17 61
AddRevenue 35 23
AddRevenue 189 37
AddRevenue 191 99.99
AddRevenue 257 44
AddRevenue 298 20
AddRevenue 308 12
AddRevenue 323 20
AddRevenue 357 75
AddRevenue 396 94
AddRevenue 455 78
AddRevenue 49 79
AddRevenue 50 84
AddRevenue 57 52
AddRevenue 92 67
AddRevenue 268 31
AddRevenue 323 49
AddRevenue 357 79
AddRevenue 372 71
AddRevenue 475 97
AddRevenue 17 73
AddRevenue 35 51.49
AddRevenue 152 80.29
AddRevenue 201 76
AddRevenue 209 67
AddRevenue 257 70
AddRevenue 357 44.19
AddRevenue 396 24
AddRevenue 455 89
AddRevenue 12 39
AddRevenue 26 10
AddRevenue 49 76
AddRevenue 57 53
AddRevenue 92 23
AddRevenue 129 23.69
AddRevenue 131 39
AddRevenue 161 18.09
AddRevenue 189 48.79
AddRevenue 209 99
AddRevenue 287 50
AddRevenue 323 81
AddRevenue 364 97
AddRevenue 409 99.89
AddRevenue 424 17.09
AddRevenue 257 18
AddRevenue 287 29
AddRevenue 396 13
AddRevenue 437 35
AddRevenue 439 95
AddRevenue 481 28
AddRevenue 10 61.29
AddRevenue 12 36
AddRevenue 26 24.29
AddRevenue 43 75.59
AddRevenue 55 98
AddRevenue 57 83
AddRevenue 61 68
AddRevenue 152 35
AddRevenue 357 45
AddRevenue 372 71.39
TopThree 3
TopThree 16
TopThree 48
TopThree 50
NumberPurchases 31
NumberPurchases 43
NumberPurchases 49
NumberPurchases 129
NumberPurchases 131
NumberPurchases 209
NumberPurchases 251
NumberPurchases 287
NumberPurchases 364
NumberPurchases 380
NumberPurchases 401
NumberPurchases 424
NumberPurchases 475
End
________________________________________
Output:
558
