Insert 4317 80 145 145 153 180 208 213 249 335 428 437 502 514 603 627 705 743 764 817 912 916 942 945 960 0
AddRevenue 4317 68
Insert 347 82 160 232 261 334 395 401 461 507 545 591 648 664 758 829 843 908 989 0
AddRevenue 347 59
Insert 2144 27 70 138 146 170 243 335 428 492 532 561 656 678 764 848 877 916 930 0
AddRevenue 2144 36
Insert 1650 5 13 38 120 205 276 357 388 392 455 483 490 515 581 662 705 724 780 869 947 947 970 974 975 990 0
AddRevenue 1650 27
Insert 2618 90 154 172 190 238 285 321 419 490 543 600 620 694 745 788 871 957 0
AddRevenue 2618 42
Insert 2150 85 130 162 250 260 320 370 469 535 601 662 672 708 714 754 778 858 891 906 955 974 0
AddRevenue 2150 58
Insert 4863 55 145 217 244 312 357 383 432 477 511 595 636 729 811 867 898 950 0
AddRevenue 4863 90
Insert 3752 61 111 164 193 193 225 284 304 401 478 496 569 590 684 708 758 807 889 892 901 955 966 966 981 0
AddRevenue 3752 87
Insert 3745 54 144 153 232 310 396 482 520 528 561 626 653 674 756 851 910 992 0
AddRevenue 3745 24
Insert 3610 3 18 44 128 167 230 252 267 318 335 432 478 491 556 609 618 648 698 737 790 790 844 926 965 0
AddRevenue 3610 48
Insert 1253 26 51 93 189 241 338 353 449 515 569 570 630 648 711 735 824 837 855 935 0
AddRevenue 1253 68.29
Insert 3778 2 94 146 170 241 339 393 435 438 487 579 581 667 683 736 834 843 924 966 980 0
AddRevenue 3778 63
Insert 4245 7 15 73 132 183 225 240 245 265 270 275 318 342 423 457 546 593 644 714 766 821 914 929 931 0
AddRevenue 4245 26
Insert 3801 12 25 80 125 161 161 207 257 300 321 344 353 433 437 534 631 637 725 820 882 905 998 0
AddRevenue 3801 36
Insert 4633 19 102 129 168 227 297 379 397 495 572 650 710 745 775 872 888 982 0
AddRevenue 4633 39
Insert 4641 78 168 188 191 250 267 352 439 461 505 561 618 633 731 750 753 757 810 880 936 0
AddRevenue 4641 12
Insert 3076 81 113 176 215 285 347 363 389 428 517 530 600 621 667 760 801 883 886 976 0
AddRevenue 3076 32
Insert 3116 77 93 109 201 283 370 403 436 477 540 604 633 664 665 733 775 805 885 896 994 0
AddRevenue 3116 36
Insert 653 21 63 140 154 231 323 401 452 462 509 601 682 752 772 821 826 827 891 925 928 989 0
AddRevenue 653 43
Insert 3647 76 130 166 169 233 321 343 401 406 453 540 550 635 651 734 767 838 918 999 999 0
AddRevenue 3647 64
Insert 1972 83 152 216 233 282 342 405 419 456 520 603 620 681 762 830 846 945 0
AddRevenue 1972 37.69
Insert 3206 20 61 148 213 269 308 390 419 448 547 565 626 667 708 801 840 879 967 980 0
AddRevenue 3206 29
Insert 367 51 111 130 167 255 313 318 367 406 406 436 452 537 582 646 706 726 778 831 906 976 0
AddRevenue 367 12
Insert 1441 90 119 186 248 322 342 395 491 499 548 622 701 753 797 885 901 985 0
AddRevenue 1441 86
Insert 1297 31 71 123 204 281 338 387 422 477 560 579 628 681 681 756 763 819 844 874 957 985 0
AddRevenue 1297 36
Insert 4612 58 59 156 251 274 353 432 502 514 594 685 756 833 926 941 946 0
AddRevenue 4612 25
Insert 3357 8 89 109 121 194 240 277 355 409 417 431 454 482 580 666 669 713 810 906 941 0
AddRevenue 3357 24
Insert 3068 67 121 132 183 209 286 313 379 392 487 493 533 535 609 695 696 746 832 841 852 932 0
AddRevenue 3068 87
Insert 3140 96 148 206 282 330 396 477 553 585 615 674 747 756 786 885 974 0
AddRevenue 3140 69
Insert 2278 77 119 206 246 280 358 429 468 494 574 661 663 708 734 809 861 875 879 960 0
AddRevenue 2278 44
Insert 226 45 56 115 175 206 274 313 335 335 335 380 386 397 471 491 551 638 693 702 736 745 840 919 979 986 0
AddRevenue 226 33
Insert 2023 2 62 120 191 273 351 390 478 530 561 597 609 657 753 822 894 947 951 0
AddRevenue 2023 94
Insert 2188 91 95 101 120 188 233 272 330 369 370 441 472 473 539 634 717 762 817 915 979 0
AddRevenue 2188 64
Insert 4807 68 121 165 179 183 189 279 335 407 431 528 597 686 712 772 835 889 890 897 962 0
AddRevenue 4807 85
Insert 2875 56 133 187 196 279 294 317 336 426 512 577 603 654 678 763 817 823 888 948 978 993 0
AddRevenue 2875 99
Insert 447 27 119 122 202 261 272 315 342 403 448 531 590 611 662 741 758 787 857 860 958 994 0
AddRevenue 447 79.79
Insert 2248 39 58 142 187 207 243 320 398 454 517 547 629 668 766 774 812 909 937 974 992 0
AddRevenue 2248 97
Insert 964 6 36 82 82 108 118 188 247 283 376 402 406 450 534 576 633 710 755 779 849 898 987 0
AddRevenue 964 62
Insert 4629 95 182 182 205 260 326 340 435 473 519 536 547 595 666 691 735 757 825 902 941 984 994 0
AddRevenue 4629 75
Insert 3237 10 44 120 159 179 234 257 329 339 380 413 482 566 606 654 703 742 776 830 869 905 966 0
AddRevenue 3237 64.19
Insert 992 13 43 130 183 251 262 353 398 497 521 551 640 703 762 834 897 936 984 0
AddRevenue 992 85
Insert 1759 98 106 126 157 240 296 347 363 364 395 466 468 529 540 602 685 731 825 899 953 0
AddRevenue 1759 30
Insert 319 52 111 168 181 204 238 295 303 345 380 445 513 544 557 631 704 774 787 839 873 961 990 0
AddRevenue 319 47.89
Insert 4767 8 34 131 196 213 243 247 340 340 401 414 449 520 555 649 747 806 866 872 898 949 0
AddRevenue 4767 50
Insert 391 24 115 158 164 262 327 380 390 466 516 604 699 704 763 828 849 925 0
AddRevenue 391 68.29
Insert 919 16 97 196 213 311 397 426 428 493 550 561 594 652 704 759 823 833 910 947 0
AddRevenue 919 77
Insert 2533 27 52 59 91 161 163 213 307 341 374 456 495 554 645 651 682 706 723 798 829 884 963 0
AddRevenue 2533 64
Insert 1170 34 119 218 257 330 337 338 377 404 492 539 619 712 742 793 860 946 987 0
AddRevenue 1170 24
Insert 1873 69 120 186 206 263 324 364 429 463 522 531 561 636 711 780 806 865 866 911 936 995 0
AddRevenue 1873 42
Insert 1728 74 78 162 189 260 295 378 467 557 621 718 749 779 868 895 924 971 993 0
AddRevenue 1728 20.29
Insert 4626 49 119 143 213 305 330 410 437 490 586 679 696 718 813 847 858 889 971 984 0
AddRevenue 4626 46.89
Insert 2749 47 112 160 248 273 296 390 486 543 562 647 718 729 815 835 910 968 0
AddRevenue 2749 33
Insert 637 96 151 225 284 368 427 444 490 562 612 628 725 814 904 915 963 0
AddRevenue 637 98.99
Insert 3519 29 107 143 233 285 372 420 502 593 688 716 732 774 848 904 923 978 0
AddRevenue 3519 26
Insert 2574 83 166 194 203 280 355 437 480 499 563 632 716 800 822 825 889 934 989 0
AddRevenue 2574 53
Insert 3553 74 127 220 279 350 426 502 510 563 598 678 705 762 831 930 994 0
AddRevenue 3553 82.79
Insert 1416 79 95 106 177 245 261 279 364 427 459 553 573 654 740 755 831 899 980 0
AddRevenue 1416 69
Insert 4126 34 51 96 132 165 237 290 355 440 461 523 606 680 734 831 911 940 969 986 0
AddRevenue 4126 53
Insert 3348 94 130 185 265 309 403 477 566 591 593 595 685 718 813 832 923 960 999 0
AddRevenue 3348 48
Insert 1075 35 113 158 219 308 350 413 432 511 553 622 673 688 728 782 841 904 961 0
AddRevenue 1075 22
Insert 4825 14 60 105 116 148 164 166 172 253 326 391 489 564 621 659 724 774 872 936 942 0
AddRevenue 4825 60
Insert 2724 92 180 205 285 327 391 399 413 470 568 570 629 716 749 794 892 922 983 0
AddRevenue 2724 96
Insert 3362 43 86 101 181 263 274 319 336 382 388 486 571 617 685 704 720 777 862 907 926 935 0
AddRevenue 3362 40.29
Insert 486 81 164 243 319 325 423 447 451 489 534 590 591 619 675 761 806 818 916 0
AddRevenue 486 59
Insert 2239 4 92 128 193 256 321 347 431 473 497 575 598 659 705 760 799 816 864 938 971 978 0
AddRevenue 2239 95.19
Insert 3484 21 103 139 143 145 148 168 249 255 339 351 389 458 541 624 650 687 784 844 939 0
AddRevenue 3484 33.49
Insert 3041 44 123 208 236 267 296 393 416 499 549 628 700 715 747 749 769 852 888 915 956 981 0
AddRevenue 3041 33
Insert 1558 15 100 116 203 247 266 337 422 490 509 522 572 577 587 615 670 719 771 860 893 966 0
AddRevenue 1558 46
Insert 3636 8 44 126 137 187 224 271 347 421 509 599 610 628 672 770 804 882 926 933 999 0
AddRevenue 3636 90
Insert 4980 40 45 86 163 180 279 376 444 454 494 541 627 716 717 784 858 922 0
AddRevenue 4980 99
Insert 3797 67 100 168 182 239 252 320 388 438 454 496 512 565 592 675 771 850 873 930 966 0
AddRevenue 3797 77
Insert 1476 94 117 155 159 219 263 276 370 377 424 495 535 592 684 741 772 832 895 911 926 962 0
AddRevenue 1476 79
Insert 2044 85 94 169 236 246 249 325 341 342 362 445 469 476 572 636 640 715 792 797 895 931 976 0
AddRevenue 2044 87
Insert 3939 29 37 47 139 174 193 262 268 347 357 452 486 548 614 648 735 754 778 796 882 969 0
AddRevenue 3939 33
Insert 1129 73 155 236 316 400 410 488 572 582 641 650 676 720 738 791 833 890 949 992 0
AddRevenue 1129 51
Insert 4886 65 113 163 194 229 304 397 422 468 520 618 646 727 779 815 907 935 977 0
AddRevenue 4886 11
Insert 2491 66 138 228 307 394 432 472 491 574 646 677 718 748 826 843 844 871 966 975 0
AddRevenue 2491 19
Insert 3637 29 45 53 147 240 320 416 423 432 479 505 527 615 652 726 742 836 840 887 937 0
AddRevenue 3637 12
Insert 1593 79 141 223 301 333 389 435 492 507 577 615 670 684 780 879 892 924 0
AddRevenue 1593 16
Insert 2886 4 29 121 132 192 290 372 456 547 624 630 700 702 780 829 837 880 908 993 0
AddRevenue 2886 25
Insert 401 90 140 183 205 270 322 409 418 495 584 656 745 827 911 980 0
AddRevenue 401 93
Insert 2093 37 42 100 196 211 288 304 383 467 525 528 562 613 708 802 865 868 959 0
AddRevenue 2093 45
Insert 798 22 36 78 109 117 181 251 348 420 450 498 528 584 586 672 744 790 862 947 0
AddRevenue 798 71
Insert 1719 28 57 57 133 154 178 243 284 292 349 446 490 580 635 719 757 761 791 810 824 907 981 0
AddRevenue 1719 16
Insert 2434 39 60 85 100 158 237 327 417 418 458 515 587 678 743 801 865 923 970 0
AddRevenue 2434 83
Insert 1323 40 95 137 222 288 341 432 531 589 618 653 696 752 846 933 0
AddRevenue 1323 35.59
Insert 3176 78 80 148 185 197 236 276 326 383 457 488 568 663 740 836 926 926 0
AddRevenue 3176 56
Insert 4166 75 170 222 297 339 393 432 519 606 628 642 700 792 820 877 974 0
AddRevenue 4166 15
Insert 1683 89 140 178 233 280 344 420 445 466 518 542 551 556 628 723 781 790 854 876 956 0
AddRevenue 1683 50.89
Insert 3805 88 185 191 240 326 343 375 442 525 611 683 753 821 897 970 0
AddRevenue 3805 99.79
Insert 3098 33 118 203 252 335 422 491 504 517 571 606 689 710 723 765 863 956 978 0
AddRevenue 3098 11
Insert 936 62 86 135 168 228 268 333 386 468 483 551 624 652 686 779 791 887 980 0
AddRevenue 936 83
Insert 3090 35 120 166 187 209 296 323 335 390 454 489 580 650 726 752 755 791 849 924 0
AddRevenue 3090 82
Insert 555 86 118 215 215 243 328 328 386 477 566 634 710 799 851 926 960 0
AddRevenue 555 88.59
Insert 1286 77 80 95 126 208 209 282 348 409 479 543 550 589 597 674 696 762 852 861 944 985 0
AddRevenue 1286 73
Insert 3816 82 158 159 230 321 327 418 512 551 570 574 669 737 748 753 830 874 909 964 0
AddRevenue 3816 86
Insert 3373 71 159 223 297 310 394 486 545 598 679 712 733 801 850 924 936 986 0
AddRevenue 3373 30.19
Insert 1566 82 157 229 244 312 362 403 457 466 498 528 552 557 621 706 751 819 858 890 925 0
AddRevenue 1566 17
Insert 1141 67 98 149 212 294 311 320 351 416 477 541 594 672 706 771 816 841 857 918 0
AddRevenue 1141 71
Insert 2674 99 139 235 271 314 366 442 502 594 676 709 794 893 962 0
AddRevenue 2674 43.89
Insert 283 93 192 259 348 428 486 553 621 681 743 770 808 878 904 947 0
AddRevenue 283 22
Insert 4286 46 94 122 209 242 311 398 414 437 463 463 535 559 649 686 691 757 767 797 856 866 916 0
AddRevenue 4286 15.49
Insert 3338 99 122 127 159 252 270 299 395 443 459 518 531 628 678 720 771 851 948 0
AddRevenue 3338 61
Insert 3702 67 147 241 273 301 368 373 397 439 527 615 653 668 738 812 832 839 928 0
AddRevenue 3702 22
Insert 1871 35 37 37 80 85 170 228 249 292 390 400 424 443 505 558 581 657 683 698 784 801 851 903 912 0
AddRevenue 1871 16
Insert 4103 76 146 220 242 333 424 464 520 587 608 647 658 673 743 792 823 881 970 0
AddRevenue 4103 21
Insert 484 80 115 204 231 322 332 426 510 512 607 692 698 774 867 965 998 0
AddRevenue 484 81
Insert 4342 92 125 209 280 319 327 390 431 517 571 581 660 719 799 820 902 944 970 0
AddRevenue 4342 65
Insert 2814 28 99 135 146 228 256 301 348 444 465 543 590 614 705 729 761 856 950 976 0
AddRevenue 2814 14
Insert 3281 90 166 245 274 289 327 367 460 539 588 632 709 724 738 794 865 877 951 991 998 0
AddRevenue 3281 29.09
Insert 3059 18 89 155 248 319 364 420 488 558 608 689 763 804 847 851 865 901 916 940 0
AddRevenue 3059 90
Insert 8 48 65 148 167 193 248 341 385 395 484 505 514 527 551 609 674 765 784 882 888 955 0
AddRevenue 8 70.19
Insert 696 22 50 148 212 229 286 342 436 506 523 546 642 645 743 812 844 848 919 982 0
AddRevenue 696 41
Insert 1839 5 49 96 110 197 237 246 343 381 454 484 503 554 582 623 680 696 748 838 915 965 988 0
AddRevenue 1839 87
Insert 924 50 107 185 264 362 366 406 417 433 519 577 676 707 776 829 917 938 0
AddRevenue 924 24
Insert 96 25 40 110 139 185 203 204 231 257 301 352 367 420 459 553 631 720 788 857 871 928 0
AddRevenue 96 40.79
Insert 2010 67 77 168 202 222 301 342 345 404 443 522 602 692 738 814 899 930 970 0
AddRevenue 2010 40
Insert 4020 27 65 108 177 199 270 311 342 348 369 387 400 401 496 535 540 635 724 736 768 796 828 897 917 965 0
AddRevenue 4020 61
Insert 4027 99 189 240 290 310 366 378 430 439 503 595 694 772 869 966 0
AddRevenue 4027 82.29
Insert 3651 85 130 153 234 295 317 363 402 497 587 592 600 676 731 755 825 834 848 888 977 0
AddRevenue 3651 74
Insert 4341 83 102 136 150 205 274 338 437 497 574 638 664 749 774 824 860 895 944 961 0
AddRevenue 4341 72
Insert 3802 70 72 162 246 301 325 364 398 448 479 574 647 704 763 819 839 932 942 952 980 995 0
AddRevenue 3802 89
Insert 4781 15 107 151 222 269 334 372 427 448 543 636 695 697 732 790 843 915 973 991 994 0
AddRevenue 4781 88
Insert 494 42 99 170 253 314 375 415 457 544 564 615 707 800 819 861 958 0
AddRevenue 494 48
Insert 1138 80 151 230 329 391 471 487 503 602 695 753 827 852 949 993 0
AddRevenue 1138 71.59
Insert 1264 3 23 36 105 195 279 290 348 443 518 526 531 547 566 580 647 663 719 726 821 874 969 0
AddRevenue 1264 10
Insert 3113 56 72 96 183 225 319 362 451 506 546 559 600 632 703 759 845 887 962 0
AddRevenue 3113 97.89
Insert 1747 76 168 242 277 280 341 389 442 485 494 571 627 712 761 824 879 902 998 0
AddRevenue 1747 44
Insert 4122 40 85 87 164 235 280 368 450 480 512 605 656 715 749 792 795 796 813 910 964 997 999 0
AddRevenue 4122 55
Insert 3394 15 108 160 252 339 381 391 472 563 624 673 683 776 867 894 896 897 924 976 0
AddRevenue 3394 72
Insert 4881 55 74 127 220 225 288 341 382 391 464 506 575 595 620 663 720 725 744 753 794 884 953 987 0
AddRevenue 4881 12.59
Insert 368 88 184 230 294 387 436 507 536 587 658 700 773 825 874 931 934 0
AddRevenue 368 12
Insert 1428 64 124 205 243 313 363 368 421 441 454 474 503 595 635 734 755 804 810 889 894 908 974 0
AddRevenue 1428 24
Insert 3270 78 140 228 302 322 391 424 503 593 631 676 727 805 859 887 945 966 0
AddRevenue 3270 77
Insert 3066 61 131 154 176 213 284 374 458 511 546 576 660 750 766 839 840 842 917 988 0
AddRevenue 3066 99
Insert 2422 9 81 101 118 165 203 273 349 439 535 627 651 714 783 849 914 944 997 0
AddRevenue 2422 27
Insert 4648 24 100 131 213 276 277 355 425 445 543 597 636 692 706 737 746 767 786 878 920 948 0
AddRevenue 4648 65.59
Insert 2743 35 114 114 208 237 302 371 468 484 494 521 590 606 621 680 755 813 906 966 0
AddRevenue 2743 63
Insert 1123 85 86 91 164 180 209 241 286 343 349 393 479 564 662 690 719 769 770 843 929 0
AddRevenue 1123 88
Insert 3839 86 101 154 190 243 306 313 352 402 410 440 523 523 525 533 558 632 637 692 739 764 855 923 948 998 0
AddRevenue 3839 91
Insert 3020 96 120 195 271 343 388 431 491 494 528 601 693 732 755 818 888 983 0
AddRevenue 3020 84
Insert 249 22 23 39 87 122 155 174 232 254 283 362 392 479 484 527 563 621 624 634 671 671 700 703 762 858 868 932 939 982 989 996 0
AddRevenue 249 30
Insert 925 31 126 145 149 197 220 280 340 371 416 467 494 531 607 673 730 757 825 827 879 978 0
AddRevenue 925 54.29
Insert 4502 8 103 153 222 238 266 302 381 422 499 592 675 691 764 802 885 902 910 912 965 988 0
AddRevenue 4502 89.79
Insert 4279 47 48 99 198 247 283 324 402 440 494 556 595 670 723 768 783 860 943 0
AddRevenue 4279 21
Insert 2805 19 82 181 216 245 259 277 370 393 438 460 509 594 614 679 756 780 785 871 884 962 985 0
AddRevenue 2805 12.59
Insert 971 58 91 164 174 209 270 367 405 455 472 477 513 578 652 702 798 817 878 957 0
AddRevenue 971 13
Insert 4084 77 118 195 267 310 390 463 559 639 693 741 750 817 866 883 902 990 0
AddRevenue 4084 16
Insert 4964 12 23 51 62 82 94 148 201 249 290 389 469 550 568 650 747 837 916 970 975 0
AddRevenue 4964 78.29
Insert 3101 67 148 155 247 316 390 416 462 548 604 639 680 689 710 757 795 871 884 978 0
AddRevenue 3101 11
Insert 156 56 88 88 114 182 245 273 314 361 381 397 399 425 503 567 614 649 695 724 777 826 886 930 945 968 0
AddRevenue 156 27
Insert 889 50 115 122 165 174 195 249 251 291 341 343 382 449 464 465 465 561 599 643 695 732 752 804 810 841 915 956 0
AddRevenue 889 86
Insert 1695 63 80 178 184 203 210 216 297 375 392 402 420 438 489 524 525 529 561 620 638 725 735 743 755 832 847 884 981 0
AddRevenue 1695 88
Insert 1564 14 91 102 102 116 212 298 389 396 422 506 532 550 594 601 674 717 746 772 821 911 964 993 0
AddRevenue 1564 19
Insert 1464 96 194 276 302 377 469 510 580 669 708 790 816 897 951 0
AddRevenue 1464 74
Insert 294 99 147 228 228 304 377 397 456 482 546 643 707 771 837 899 982 0
AddRevenue 294 15
Insert 3454 89 154 230 234 257 354 392 438 445 463 557 582 647 664 694 694 758 800 889 946 0
AddRevenue 3454 23
Insert 1228 30 90 173 227 292 344 397 470 480 502 532 580 669 720 751 751 777 863 929 0
AddRevenue 1228 66
Insert 1511 60 150 217 279 355 361 382 433 510 562 596 630 662 716 811 822 849 906 913 916 972 999 0
AddRevenue 1511 52.09
Insert 2604 22 119 170 266 346 354 372 394 450 455 469 497 570 582 623 679 694 786 867 892 936 0
AddRevenue 2604 51
Insert 4660 87 171 177 186 248 258 293 325 359 392 486 527 567 618 646 688 738 813 814 823 876 885 919 964 0
AddRevenue 4660 35
Insert 3988 13 72 120 170 174 200 287 358 363 442 518 545 571 631 635 681 712 801 838 908 0
AddRevenue 3988 86.79
Insert 2556 56 68 109 155 236 327 419 495 523 547 598 610 666 713 738 796 840 855 908 927 0
AddRevenue 2556 10
Insert 833 50 59 93 102 185 223 244 256 308 377 432 528 617 701 781 797 809 898 961 0
AddRevenue 833 64
Insert 2218 29 75 76 168 232 270 353 392 432 435 459 538 596 610 696 765 842 922 929 0
AddRevenue 2218 24
Insert 3284 95 99 131 134 192 215 246 339 400 456 520 600 626 651 743 825 902 949 0
AddRevenue 3284 89
Insert 3577 9 37 67 100 126 215 288 295 302 354 372 462 514 591 675 773 870 897 946 0
AddRevenue 3577 69
Insert 2997 51 111 202 238 286 336 346 405 500 543 599 608 685 756 766 822 838 850 894 926 926 0
AddRevenue 2997 64
Insert 3896 48 57 112 153 219 227 265 268 316 355 414 510 546 555 570 606 606 634 703 752 822 906 951 0
AddRevenue 3896 14
Insert 2694 80 129 135 190 274 290 356 381 444 510 567 574 670 684 732 774 785 881 893 972 0
AddRevenue 2694 29.09
Insert 1021 60 113 205 285 369 388 424 466 481 500 593 612 706 760 814 831 897 948 957 995 0
AddRevenue 1021 60.69
Insert 1194 58 90 126 223 281 341 388 484 490 499 506 569 651 720 774 834 875 881 971 0
AddRevenue 1194 47
Insert 27 32 52 138 178 202 217 311 311 351 404 445 489 573 668 675 689 767 798 862 882 910 914 0
AddRevenue 27 29
Insert 669 11 39 45 134 216 300 345 439 458 528 544 638 724 739 751 752 824 889 939 981 0
AddRevenue 669 10
Insert 2029 57 136 137 141 151 152 182 271 299 304 360 452 469 552 635 694 793 885 975 0
AddRevenue 2029 78
Insert 3367 24 91 166 223 264 266 325 384 433 455 504 504 570 628 655 673 727 820 917 943 945 0
AddRevenue 3367 19
Insert 4866 13 47 60 115 206 282 319 339 418 453 520 603 613 665 683 777 783 836 903 958 959 0
AddRevenue 4866 74
Insert 750 42 110 173 210 218 274 364 424 504 564 579 587 665 735 755 759 762 785 850 916 926 972 0
AddRevenue 750 19
Insert 3106 15 52 145 177 215 283 283 361 449 539 571 587 663 755 778 867 901 966 0
AddRevenue 3106 36
Insert 2894 5 78 106 193 271 326 377 428 473 520 572 613 628 710 787 864 892 984 0
AddRevenue 2894 18.89
Insert 3653 19 102 173 260 335 363 407 407 475 559 566 590 637 697 713 757 822 855 946 991 0
AddRevenue 3653 47
Insert 1883 87 146 150 172 191 220 238 309 357 446 517 601 663 677 718 741 765 862 916 940 996 0
AddRevenue 1883 83.09
Insert 829 23 76 135 198 246 343 409 454 489 489 505 583 601 652 711 804 848 907 942 999 0
AddRevenue 829 37
Insert 2442 87 97 113 200 261 309 341 423 457 492 493 549 632 726 736 811 836 846 890 914 930 956 0
AddRevenue 2442 42
Insert 922 16 53 92 96 175 194 282 367 450 539 608 610 655 738 767 814 825 906 912 0
AddRevenue 922 17
Insert 292 36 41 95 162 243 261 273 353 437 486 493 553 578 597 615 622 660 674 699 736 775 855 873 944 977 0
AddRevenue 292 92
Insert 3727 35 98 163 251 326 399 496 572 641 716 798 861 867 894 986 0
AddRevenue 3727 22
Insert 2500 96 185 232 281 286 383 404 435 496 567 612 684 709 711 801 862 954 0
AddRevenue 2500 38
Insert 399 26 73 122 212 238 334 349 415 436 500 581 667 687 771 796 881 929 996 0
AddRevenue 399 37.29
Insert 4323 10 92 152 213 292 345 393 427 439 520 560 648 657 670 672 721 763 763 845 926 0
AddRevenue 4323 60
Insert 170 15 32 36 86 92 105 160 249 306 363 401 414 507 576 600 653 683 712 722 785 850 936 0
AddRevenue 170 73
Insert 537 55 108 116 208 282 287 337 414 470 523 556 643 696 721 793 856 945 0
AddRevenue 537 32
Insert 4338 23 23 108 189 204 285 303 311 397 429 434 454 497 520 574 589 594 677 704 787 886 913 990 0
AddRevenue 4338 97
Insert 4818 8 62 66 115 214 308 346 383 436 463 489 525 564 641 643 735 751 754 785 864 934 942 948 0
AddRevenue 4818 89.59
Insert 253 26 85 142 207 217 285 341 411 448 455 546 547 593 593 619 628 720 782 843 898 968 0
AddRevenue 253 50.89
Insert 4801 80 116 138 199 232 296 326 392 448 469 541 630 693 701 732 818 834 864 928 997 0
AddRevenue 4801 80
Insert 288 94 170 228 270 365 413 481 492 537 578 641 675 713 762 836 861 895 927 954 980 0
AddRevenue 288 18
Insert 3188 94 133 140 151 219 246 284 351 445 495 571 597 628 716 719 813 819 906 976 0
AddRevenue 3188 88
Insert 2847 99 169 179 228 282 342 407 485 494 584 668 679 692 714 734 806 871 938 951 0
AddRevenue 2847 32
Insert 1409 97 159 231 282 286 301 395 479 573 652 697 792 856 953 0
AddRevenue 1409 18
Insert 559 8 9 77 160 236 284 354 388 433 506 552 602 628 636 728 813 865 947 0
AddRevenue 559 11
Insert 1892 54 131 182 197 275 319 401 422 501 526 625 679 706 708 746 784 867 933 937 0
AddRevenue 1892 70
Insert 371 24 50 146 187 198 215 240 283 285 349 405 489 571 572 586 616 660 732 737 756 803 893 930 0
AddRevenue 371 33
Insert 2670 73 122 194 273 352 418 493 512 541 603 652 702 773 839 877 905 928 997 0
AddRevenue 2670 67
Insert 3557 70 73 76 109 135 219 318 349 437 472 520 605 605 691 784 788 855 905 975 0
AddRevenue 3557 52
Insert 3038 87 103 140 170 229 303 355 355 397 441 449 528 614 698 782 812 833 930 974 0
AddRevenue 3038 30
Insert 791 46 108 109 193 290 300 304 363 380 479 576 635 678 694 791 800 881 962 0
AddRevenue 791 94
Insert 4897 63 72 121 199 267 287 358 397 416 515 589 645 698 741 743 826 851 878 882 907 989 0
AddRevenue 4897 24
Insert 3633 18 36 58 92 106 203 205 206 223 295 337 413 512 610 705 710 744 776 846 878 960 0
AddRevenue 3633 54
Insert 2043 86 98 100 134 183 222 297 325 412 425 491 519 551 643 713 804 840 936 0
AddRevenue 2043 54
Insert 120 86 105 204 291 301 309 354 447 478 545 546 549 615 677 744 829 838 848 866 915 969 0
AddRevenue 120 61
Insert 212 93 189 230 326 331 341 361 416 493 529 560 582 617 644 644 724 726 756 822 903 999 0
AddRevenue 212 78
Insert 614 56 103 129 218 235 333 419 483 524 557 562 569 668 712 792 878 906 979 0
AddRevenue 614 18
Insert 2909 49 55 138 230 288 350 421 444 538 541 608 664 674 710 734 739 784 829 880 919 0
AddRevenue 2909 19
Insert 3875 13 78 150 180 267 292 311 391 395 404 448 507 576 672 743 821 868 961 0
AddRevenue 3875 63
Insert 2747 71 101 124 126 142 197 261 269 281 288 347 425 449 463 496 592 613 616 630 715 733 822 920 953 975 980 0
AddRevenue 2747 16
Insert 2810 80 176 253 312 363 394 430 514 606 661 751 768 862 954 997 0
AddRevenue 2810 63
Insert 1730 21 112 164 236 246 305 385 421 469 551 560 656 708 760 818 826 856 862 918 980 995 0
AddRevenue 1730 45
Insert 3827 24 111 141 190 227 228 324 337 355 376 391 394 407 481 507 534 535 536 559 630 674 705 732 789 795 821 848 863 908 928 933 945 0
AddRevenue 3827 67
Insert 4761 32 37 94 122 170 226 313 337 409 440 522 612 656 687 786 821 886 978 0
AddRevenue 4761 47
Insert 1009 83 112 206 296 391 392 393 410 429 467 492 552 600 635 671 677 700 728 823 854 884 949 963 0
AddRevenue 1009 46
Insert 469 14 16 44 123 125 146 198 252 273 335 358 448 536 545 579 609 625 686 771 870 940 968 0
AddRevenue 469 63
Insert 2166 53 120 218 290 311 360 430 524 591 628 697 758 807 832 884 945 0
AddRevenue 2166 74
Insert 412 14 38 113 177 235 307 391 457 536 546 568 626 713 785 856 893 992 0
AddRevenue 412 40
Insert 1503 55 135 224 260 334 334 424 483 483 493 537 563 616 643 689 762 845 894 930 0
AddRevenue 1503 44
Insert 1661 39 87 133 156 161 166 177 219 286 370 449 468 556 651 676 765 780 861 886 983 0
AddRevenue 1661 88
Insert 1618 73 114 185 192 244 260 329 377 387 438 439 518 522 610 669 687 700 703 709 749 786 884 959 0
AddRevenue 1618 78.59
Insert 4470 6 46 82 153 211 292 336 351 408 464 547 634 695 741 756 757 848 937 944 982 0
AddRevenue 4470 62
Insert 688 49 50 135 199 286 342 364 366 408 445 510 521 560 616 656 719 742 800 851 941 989 0
AddRevenue 688 37.39
Insert 1860 4 103 139 208 282 304 353 407 480 506 587 601 682 712 786 864 888 889 988 0
AddRevenue 1860 80
Insert 1748 37 71 98 101 179 225 243 318 342 396 451 460 485 543 601 620 622 691 760 762 774 819 900 912 923 996 0
AddRevenue 1748 18
Insert 3842 91 171 238 242 290 329 344 362 363 459 465 479 559 614 619 646 740 834 919 969 982 0
AddRevenue 3842 78.79
Insert 1897 17 109 148 200 230 261 273 333 420 437 517 531 619 688 770 847 898 935 944 946 999 0
AddRevenue 1897 12
Insert 3876 60 62 96 115 115 166 197 254 334 346 371 433 457 520 571 639 640 712 753 761 769 785 792 841 916 934 976 0
AddRevenue 3876 45
Insert 235 13 35 75 92 186 222 236 297 306 360 399 416 424 522 601 683 700 703 801 830 905 975 0
AddRevenue 235 29.69
Insert 649 40 139 225 309 391 402 459 530 608 646 723 747 772 818 820 863 875 884 971 0
AddRevenue 649 36
Insert 4181 92 112 206 305 350 447 462 538 579 616 681 685 763 803 837 874 966 0
AddRevenue 4181 70
Insert 1471 29 36 52 74 132 193 240 268 350 422 430 498 590 626 633 658 690 753 804 883 907 938 968 0
AddRevenue 1471 24
Insert 2027 63 97 128 211 215 244 267 323 327 346 381 397 463 543 583 625 681 692 721 788 853 937 0
AddRevenue 2027 26.69
Insert 2741 35 123 147 182 275 304 308 404 485 570 597 634 701 772 867 911 951 0
AddRevenue 2741 76
Insert 4680 68 134 184 240 337 402 468 498 595 644 694 698 729 797 846 891 957 979 0
AddRevenue 4680 83
Insert 3985 37 79 165 179 242 244 328 392 485 531 602 627 691 749 763 771 823 870 938 987 992 0
AddRevenue 3985 12
Insert 1047 30 120 206 224 276 288 313 361 454 529 552 646 660 667 718 788 802 884 958 0
AddRevenue 1047 98.39
Insert 691 56 108 120 168 196 239 287 299 337 376 398 440 444 532 532 570 620 622 631 645 726 797 810 901 991 0
AddRevenue 691 13
Insert 4275 72 122 191 206 270 289 355 450 517 602 654 659 660 736 794 812 896 988 0
AddRevenue 4275 76
Insert 3347 64 121 186 235 317 402 446 521 600 640 699 746 805 893 973 980 0
AddRevenue 3347 54
Insert 3863 69 75 76 168 198 220 260 307 315 396 404 422 503 586 668 757 778 863 905 992 0
AddRevenue 3863 40
Insert 2213 27 93 122 125 223 312 320 361 447 469 543 583 672 697 768 823 855 915 990 0
AddRevenue 2213 80
Insert 4498 4 75 160 204 237 307 350 405 449 454 520 535 558 582 627 660 756 845 884 913 963 974 0
AddRevenue 4498 38
Insert 2443 82 170 241 311 394 479 543 587 655 683 698 714 778 863 955 0
AddRevenue 2443 29
Insert 3689 42 52 53 124 157 219 288 349 395 418 465 493 560 622 649 658 723 764 806 869 957 977 0
AddRevenue 3689 32.09
Insert 2461 53 148 148 227 319 415 491 590 606 653 712 774 820 884 897 995 0
AddRevenue 2461 71.19
Insert 3255 70 120 143 237 296 384 420 421 462 512 577 653 695 729 742 795 865 922 959 0
AddRevenue 3255 57
Insert 878 21 119 153 170 219 249 292 337 409 411 413 471 494 512 512 527 552 568 640 707 715 784 842 874 949 0
AddRevenue 878 89
Insert 1680 26 42 87 138 141 179 268 282 355 364 400 457 549 627 716 807 851 943 0
AddRevenue 1680 21
Insert 2335 93 164 165 171 243 259 333 358 383 393 410 453 480 539 543 575 623 659 678 767 776 852 942 971 0
AddRevenue 2335 10.69
Insert 2212 48 67 84 175 245 250 346 429 515 535 633 696 758 789 882 900 980 0
AddRevenue 2212 75
Insert 3930 51 136 233 279 359 439 538 545 561 641 682 706 725 757 788 809 810 848 900 952 0
AddRevenue 3930 66
Insert 1200 91 139 157 208 289 369 387 438 493 505 524 618 638 729 782 842 878 930 991 0
AddRevenue 1200 92
Insert 143 57 122 176 184 243 251 279 359 455 494 540 608 627 668 766 803 878 961 0
AddRevenue 143 32
Insert 4377 58 126 157 207 215 288 298 306 343 437 523 528 594 635 708 798 807 826 896 956 0
AddRevenue 4377 55
Insert 3378 83 107 180 217 259 357 389 470 500 520 573 640 684 689 782 823 909 941 989 0
AddRevenue 3378 83
Insert 4333 11 59 92 125 192 239 255 310 326 359 454 535 616 702 705 764 810 821 850 944 0
AddRevenue 4333 42
Insert 3569 73 117 182 204 294 365 438 462 556 641 695 711 725 819 917 932 0
AddRevenue 3569 45
Insert 1343 24 40 82 174 230 238 328 369 445 517 591 597 673 711 810 818 893 960 967 974 0
AddRevenue 1343 49
Insert 910 56 152 229 262 276 362 458 467 534 540 612 631 666 702 727 770 777 849 860 916 934 950 0
AddRevenue 910 61
Insert 1432 90 121 181 203 243 257 298 358 380 447 531 560 626 628 670 701 754 770 840 920 0
AddRevenue 1432 69
Insert 3141 78 86 176 220 285 356 436 521 613 656 663 670 747 775 783 868 889 952 994 0
AddRevenue 3141 19.29
Insert 620 68 120 130 149 198 230 296 392 449 509 520 559 611 675 761 793 801 881 890 919 0
AddRevenue 620 75
Insert 718 53 109 173 214 249 326 391 444 449 515 570 576 654 665 751 840 881 980 0
AddRevenue 718 22.59
Insert 4384 33 97 101 126 211 212 310 368 403 472 479 484 523 620 708 786 885 917 999 0
AddRevenue 4384 77
Insert 4505 99 148 152 182 253 345 395 405 481 534 582 667 756 855 922 0
AddRevenue 4505 85
Insert 393 67 165 249 260 296 389 393 447 496 510 528 532 568 601 662 725 761 778 816 835 893 899 958 975 0
AddRevenue 393 56
Insert 282 48 72 160 184 283 342 381 382 432 466 490 500 502 503 546 558 573 584 621 666 679 692 736 755 826 886 968 994 0
AddRevenue 282 81
Insert 2606 65 142 183 226 319 334 419 460 511 556 625 701 701 754 775 839 869 944 0
AddRevenue 2606 52
Insert 4089 36 74 148 215 273 319 416 512 600 600 670 710 775 806 839 844 927 0
AddRevenue 4089 36
Insert 880 21 70 77 174 234 244 267 272 286 323 382 437 469 512 573 589 629 705 750 765 808 858 906 992 0
AddRevenue 880 34.09
Insert 3760 3 81 111 183 260 346 391 430 473 553 609 652 684 696 750 844 869 900 914 954 964 0
AddRevenue 3760 99
Insert 1061 74 94 160 169 253 320 324 350 434 446 472 488 565 604 634 637 720 750 791 855 867 965 0
AddRevenue 1061 42
Insert 1986 24 104 118 122 127 179 235 318 386 446 460 550 590 671 763 780 852 863 953 977 980 999 0
AddRevenue 1986 77
Insert 646 73 146 157 253 278 334 387 440 456 502 561 627 668 668 731 830 889 891 962 0
AddRevenue 646 93
Insert 203 75 174 269 301 345 386 438 481 523 590 674 720 793 802 853 874 936 966 0
AddRevenue 203 80
Insert 2271 87 92 103 183 256 323 376 440 456 541 581 583 593 605 689 784 848 919 959 967 0
AddRevenue 2271 69
Insert 3986 43 107 145 175 267 323 403 489 494 541 584 649 730 743 788 788 867 868 953 0
AddRevenue 3986 65
Insert 690 81 161 253 283 342 367 451 517 562 596 606 673 683 683 782 834 904 905 937 974 0
AddRevenue 690 52
Insert 3861 67 83 157 187 276 279 348 430 447 517 556 592 631 662 757 852 934 0
AddRevenue 3861 27.29
Insert 3814 95 177 237 328 354 411 435 522 527 537 552 608 651 742 789 795 874 920 961 0
AddRevenue 3814 73
Insert 1055 14 40 68 147 182 252 273 310 396 406 420 423 469 483 531 608 688 750 830 915 989 0
AddRevenue 1055 13
Insert 1040 88 111 160 229 318 405 451 474 544 566 626 677 764 810 871 920 0
AddRevenue 1040 12
Insert 183 96 157 202 209 250 294 385 387 414 509 525 573 644 728 756 758 827 878 935 968 0
AddRevenue 183 92.49
Insert 921 54 114 206 301 358 432 460 503 596 646 662 684 727 737 806 880 926 0
AddRevenue 921 88.29
Insert 535 10 37 113 206 296 373 471 512 605 660 690 708 756 815 846 884 943 0
AddRevenue 535 37.59
Insert 594 55 83 141 227 312 396 405 433 466 510 510 532 585 624 707 792 795 883 918 0
AddRevenue 594 54
Insert 82 37 100 171 238 312 333 400 428 443 446 515 568 611 666 732 797 826 840 861 880 923 982 0
AddRevenue 82 53
Insert 2167 80 113 165 168 222 248 270 340 345 425 470 551 623 677 756 835 879 881 961 0
AddRevenue 2167 45
Insert 2663 77 142 156 221 230 291 388 426 465 524 533 629 718 796 866 935 0
AddRevenue 2663 49
Insert 4241 19 83 118 171 205 215 245 245 336 389 421 447 448 545 601 634 716 746 823 909 914 923 966 0
AddRevenue 4241 12
Insert 1629 35 130 224 291 308 344 376 417 478 486 570 649 689 733 825 905 934 971 990 0
AddRevenue 1629 34
Insert 792 60 155 170 171 250 336 384 476 497 546 634 659 702 759 851 886 921 940 0
AddRevenue 792 34
Insert 1851 25 55 104 160 165 231 239 249 323 418 496 523 553 645 654 683 723 810 893 934 0
AddRevenue 1851 36
Insert 1426 2 49 52 111 150 193 217 257 315 334 384 414 497 500 592 596 618 698 767 864 873 895 963 0
AddRevenue 1426 77
Insert 2513 16 63 107 163 260 273 334 369 455 502 541 596 607 655 690 725 737 770 864 953 964 0
AddRevenue 2513 54
Insert 4755 82 112 141 198 238 274 324 381 393 454 537 630 656 730 820 916 918 0
AddRevenue 4755 31
Insert 3453 27 63 64 111 129 148 185 282 308 335 415 456 497 508 513 568 603 614 704 766 823 860 933 0
AddRevenue 3453 87
Insert 80 45 115 156 188 191 216 309 338 377 445 538 634 646 726 768 847 864 875 910 0
AddRevenue 80 46
Insert 1744 19 97 109 173 270 364 436 509 572 609 648 686 690 732 786 811 882 938 0
AddRevenue 1744 53.99
Insert 4571 67 156 175 240 261 297 380 454 512 599 697 780 812 848 881 925 0
AddRevenue 4571 38.19
Insert 1682 6 45 136 189 251 300 323 387 481 512 610 655 692 762 789 831 832 861 881 956 969 0
AddRevenue 1682 12.49
Insert 3883 15 56 126 221 291 347 407 486 555 570 647 707 781 790 811 864 912 924 974 0
AddRevenue 3883 76
Insert 3472 61 62 151 152 197 212 223 253 323 395 409 433 445 543 548 618 664 666 731 733 750 849 933 976 995 0
AddRevenue 3472 13
Insert 1220 39 39 109 169 189 281 299 347 356 382 476 535 620 654 699 752 783 805 812 828 911 954 0
AddRevenue 1220 93
Insert 4830 26 39 46 87 144 154 203 233 307 356 372 421 485 527 601 607 674 745 754 766 802 868 958 987 0
AddRevenue 4830 62
Insert 4925 80 155 176 200 279 298 390 396 402 470 492 590 660 688 763 806 813 897 970 999 0
AddRevenue 4925 38
Insert 4350 82 119 137 185 210 212 273 365 428 477 571 571 596 606 696 759 819 899 996 0
AddRevenue 4350 79
Insert 4609 55 111 189 243 263 331 368 418 490 531 563 616 684 758 796 851 919 941 0
AddRevenue 4609 93
Insert 2756 13 34 115 130 193 286 361 383 443 470 485 575 595 621 696 730 757 852 917 940 975 986 0
AddRevenue 2756 93
Insert 1793 60 152 165 172 239 283 382 386 457 470 562 641 697 717 723 746 755 776 853 942 944 955 0
AddRevenue 1793 17
Insert 36 12 65 140 221 244 269 350 371 454 545 642 699 781 846 939 995 0
AddRevenue 36 92
Insert 3829 58 72 89 158 168 262 307 325 363 461 496 513 569 631 633 655 719 746 785 827 899 998 0
AddRevenue 3829 97
Insert 1388 41 80 167 233 332 360 402 445 523 546 549 567 578 660 707 743 803 901 951 962 980 0
AddRevenue 1388 76
Insert 1378 79 89 140 216 278 286 357 393 491 551 572 653 655 754 764 773 823 866 906 988 0
AddRevenue 1378 19.99
Insert 2282 69 109 132 146 162 196 241 318 323 347 423 518 554 561 568 654 726 802 863 903 916 0
AddRevenue 2282 71
Insert 4172 22 110 150 224 237 321 335 354 366 406 498 588 667 752 791 821 831 857 900 931 943 0
AddRevenue 4172 67
Insert 3743 78 84 165 207 237 249 275 331 430 499 581 625 673 751 778 869 916 948 0
AddRevenue 3743 35.79
Insert 642 49 55 90 173 223 315 333 382 386 465 507 525 544 557 616 657 743 836 928 0
AddRevenue 642 62
Insert 3813 32 38 76 116 133 155 159 229 299 397 417 428 451 500 541 632 713 722 819 885 945 995 0
AddRevenue 3813 16
Insert 1287 40 126 176 263 362 370 374 387 469 519 612 672 718 797 853 882 889 907 918 0
AddRevenue 1287 58
Insert 4512 76 157 220 315 342 420 421 512 573 627 711 755 770 776 874 951 958 990 0
AddRevenue 4512 37.09
Insert 1363 41 42 63 156 179 193 233 282 303 305 345 422 482 512 521 560 653 731 747 764 764 807 846 901 929 966 0
AddRevenue 1363 67
Insert 836 46 119 148 165 197 257 265 274 368 418 423 478 488 580 665 717 743 838 921 0
AddRevenue 836 40
Insert 651 14 45 75 149 215 224 293 334 371 457 488 512 574 604 655 695 715 716 744 823 868 947 998 0
AddRevenue 651 68.39
Insert 281 86 129 133 167 261 286 345 391 469 470 556 641 715 805 838 915 934 0
AddRevenue 281 11
Insert 2893 76 101 102 135 202 229 241 253 340 431 512 546 551 621 677 728 786 857 899 938 0
AddRevenue 2893 59
Insert 4125 14 67 111 120 130 222 232 298 345 401 402 437 527 619 672 687 786 805 867 920 0
AddRevenue 4125 60
Insert 475 38 127 210 308 355 424 516 538 634 715 755 774 871 966 0
AddRevenue 475 15
Insert 583 68 118 134 148 211 263 352 408 479 542 638 701 736 744 834 923 0
AddRevenue 583 88
Insert 2956 68 76 146 235 304 322 364 409 429 525 600 605 638 677 766 835 837 917 990 993 0
AddRevenue 2956 72.59
Insert 545 55 113 188 270 291 365 449 477 562 630 661 690 711 712 730 771 811 830 902 943 956 0
AddRevenue 545 49.19
Insert 711 28 86 113 132 140 158 200 273 313 390 393 435 482 490 565 622 659 721 798 836 888 986 0
AddRevenue 711 61.19
Insert 597 16 36 124 168 196 240 250 331 412 463 498 580 593 624 669 742 742 831 875 900 941 971 0
AddRevenue 597 51
Insert 4798 21 97 191 202 206 247 323 412 471 561 648 662 735 744 842 894 905 929 989 0
AddRevenue 4798 36.49
Insert 407 88 147 172 259 316 391 413 495 553 649 697 728 744 792 796 839 874 955 0
AddRevenue 407 16
Insert 4441 84 102 118 168 238 329 355 434 439 456 509 510 558 588 599 623 683 782 798 830 872 947 986 994 0
AddRevenue 4441 38
Insert 280 48 114 196 253 329 355 366 389 439 536 627 679 768 852 930 0
AddRevenue 280 11.39
Insert 2127 10 98 160 194 258 325 377 383 436 473 479 517 544 632 700 737 750 794 891 905 909 922 943 971 0
AddRevenue 2127 54
Insert 2890 86 106 142 155 254 298 318 402 465 469 493 514 596 669 698 790 878 890 912 999 0
AddRevenue 2890 93
Insert 3714 30 50 50 85 85 174 272 287 353 442 513 569 636 725 819 859 918 923 962 972 0
AddRevenue 3714 38
Insert 176 76 81 124 192 250 288 375 401 481 533 564 647 690 713 757 850 901 963 0
AddRevenue 176 79
Insert 4094 90 187 210 232 304 329 402 485 501 574 665 755 847 850 913 990 0
AddRevenue 4094 31
Insert 4140 4 45 48 141 183 266 325 391 489 568 594 610 706 796 831 839 855 928 975 0
AddRevenue 4140 52
Insert 4161 91 144 149 209 235 316 351 432 496 564 595 658 703 794 835 878 976 0
AddRevenue 4161 40
Insert 1929 27 68 131 141 143 205 228 272 359 397 416 438 491 556 592 613 623 657 721 773 850 927 0
AddRevenue 1929 91
Insert 3288 23 27 47 72 127 186 203 260 317 341 372 385 456 516 600 698 745 833 858 906 906 924 964 0
AddRevenue 3288 70
Insert 4144 23 102 136 142 224 289 295 298 349 446 489 582 676 750 812 851 900 945 954 972 976 0
AddRevenue 4144 45
Insert 1087 70 123 216 248 276 358 456 491 566 593 598 606 612 615 703 740 789 882 958 0
AddRevenue 1087 43
Insert 1527 24 115 182 248 335 415 415 475 525 530 547 643 659 732 748 809 840 847 861 875 917 925 925 0
AddRevenue 1527 59
Insert 1733 16 91 157 181 204 227 314 399 401 422 506 519 542 622 707 714 775 786 815 836 925 932 976 984 0
AddRevenue 1733 56.89
Insert 2564 16 50 145 224 254 287 378 449 477 507 575 591 632 678 698 743 785 806 865 933 938 0
AddRevenue 2564 22
Insert 779 95 156 167 222 243 338 431 498 514 523 606 673 741 767 796 827 875 967 970 0
AddRevenue 779 38
Insert 693 86 163 208 253 343 371 436 475 528 585 650 740 785 809 898 898 954 0
AddRevenue 693 93.79
Insert 4524 75 141 168 185 257 268 351 413 507 588 631 664 720 757 855 886 958 995 0
AddRevenue 4524 67.49
Insert 2988 76 159 249 278 298 379 446 538 569 619 673 722 723 805 821 857 937 954 0
AddRevenue 2988 16.59
Insert 4624 38 47 129 145 207 213 294 312 338 379 447 491 493 564 654 745 749 837 880 944 0
AddRevenue 4624 70
Insert 4000 89 105 130 134 189 253 257 291 350 427 453 476 519 527 572 626 630 689 773 818 834 838 902 949 0
AddRevenue 4000 27
Insert 4962 57 98 181 279 289 338 372 381 406 469 490 510 598 621 645 660 744 754 813 867 874 950 0
AddRevenue 4962 11
Insert 4508 30 94 158 239 247 288 355 453 484 499 569 588 589 591 636 667 719 768 804 860 929 952 0
AddRevenue 4508 29
Insert 1561 10 71 153 184 190 194 212 277 368 455 525 613 640 673 772 821 869 944 0
AddRevenue 1561 10.09
Insert 3289 12 80 108 175 224 237 315 401 471 483 556 608 637 714 809 888 982 0
AddRevenue 3289 89
Insert 3442 69 93 98 186 210 250 284 338 355 356 390 417 471 516 605 695 703 763 804 880 966 966 980 0
AddRevenue 3442 18
Insert 1168 64 152 167 188 204 279 352 367 383 405 472 504 597 646 730 796 842 925 962 966 0
AddRevenue 1168 58
Insert 3828 41 78 101 107 184 214 276 315 355 405 491 498 569 652 693 787 872 955 974 0
AddRevenue 3828 14
Insert 2936 17 92 95 159 205 277 307 360 371 454 530 603 625 688 763 818 878 895 897 982 0
AddRevenue 2936 75
Insert 1981 30 86 119 195 240 319 336 382 449 527 553 613 615 635 731 804 879 937 987 0
AddRevenue 1981 37
Insert 3538 42 109 168 202 243 335 358 378 424 506 602 691 714 753 831 839 908 957 0
AddRevenue 3538 26.29
Insert 4378 79 149 150 158 183 251 323 400 483 572 591 643 690 763 790 808 889 908 995 0
AddRevenue 4378 53
Insert 1676 77 167 251 279 301 395 472 544 558 657 689 767 807 855 875 900 924 990 0
AddRevenue 1676 14
Insert 1454 15 70 98 129 178 272 347 352 368 418 457 484 532 555 597 654 705 740 836 879 881 962 0
AddRevenue 1454 52
Insert 1627 94 178 200 252 345 427 436 442 510 528 560 642 672 764 766 833 931 976 0
AddRevenue 1627 60
Insert 3625 9 103 183 281 378 442 451 510 517 605 698 700 777 827 860 875 940 0
AddRevenue 3625 83
Insert 2880 59 77 137 206 290 373 449 512 525 589 658 670 707 763 842 916 950 0
AddRevenue 2880 10
Insert 1202 10 80 115 159 174 194 231 297 382 410 421 488 488 506 540 613 668 750 848 924 990 0
AddRevenue 1202 99.29
Insert 817 20 20 107 114 155 238 260 320 386 413 474 524 593 666 675 754 779 873 906 927 955 0
AddRevenue 817 10
Insert 986 27 93 191 208 221 316 391 401 481 559 592 607 653 697 760 824 909 934 943 0
AddRevenue 986 10.09
Insert 4016 31 126 140 147 244 339 358 393 492 522 548 632 722 779 785 816 888 937 959 0
AddRevenue 4016 89.99
Insert 2931 25 54 58 105 149 176 219 304 343 350 398 438 471 474 507 550 575 655 667 759 763 778 868 952 999 0
AddRevenue 2931 41
Insert 4529 26 30 57 124 183 267 291 379 454 551 552 594 633 691 747 796 815 819 900 910 991 0
AddRevenue 4529 82
Insert 1400 72 145 224 294 343 431 458 552 614 708 734 760 841 899 906 972 981 0
AddRevenue 1400 52
Insert 4438 4 66 83 166 202 261 282 290 312 397 430 464 487 545 578 635 701 775 800 827 896 945 983 0
AddRevenue 4438 20
Insert 941 83 87 140 222 271 317 378 401 441 446 472 518 573 650 656 688 714 753 798 877 912 970 0
AddRevenue 941 33
Insert 2798 31 86 99 170 171 220 264 298 303 373 452 516 571 587 682 754 799 857 870 900 978 994 0
AddRevenue 2798 60
Insert 706 94 142 221 255 313 373 401 473 532 625 690 787 821 841 865 944 0
AddRevenue 706 45
Insert 1303 100 149 164 237 274 317 355 364 453 542 573 631 713 800 876 903 982 0
AddRevenue 1303 39
Insert 3435 31 37 120 126 190 227 316 370 422 436 483 540 588 619 633 732 816 853 916 0
AddRevenue 3435 54
Insert 1708 96 124 182 188 263 275 285 336 433 490 550 575 593 674 721 726 734 787 803 860 861 871 934 991 0
AddRevenue 1708 32
Insert 3350 47 87 112 179 229 304 356 395 455 551 566 611 611 698 774 783 794 881 949 999 0
AddRevenue 3350 24
Insert 4595 52 85 99 142 192 194 236 269 330 343 411 457 490 501 572 670 694 726 787 878 961 965 0
AddRevenue 4595 74
Insert 264 44 109 128 155 229 233 283 334 426 465 564 573 605 606 624 680 760 773 812 893 903 997 0
AddRevenue 264 58
Insert 4787 4 84 101 140 207 278 285 334 358 369 372 433 457 500 517 595 630 692 749 759 846 849 860 884 953 0
AddRevenue 4787 45
Insert 1632 22 66 135 150 216 237 329 403 412 506 533 552 647 714 764 771 776 801 892 972 0
AddRevenue 1632 42
Insert 2755 37 63 124 194 284 378 404 503 572 608 609 624 683 750 843 873 965 0
AddRevenue 2755 93
Insert 4380 22 61 81 142 166 172 252 300 358 413 497 570 607 669 747 752 819 859 913 979 0
AddRevenue 4380 28
Insert 2495 56 76 91 131 177 247 335 393 434 486 564 627 708 728 730 769 779 790 847 856 857 892 977 978 0
AddRevenue 2495 33.99
Insert 4754 18 95 99 159 201 278 283 334 390 468 513 586 670 753 761 787 843 934 0
AddRevenue 4754 38.29
Insert 2065 1 64 124 203 281 320 384 404 437 447 537 598 629 667 682 697 727 730 824 855 937 0
AddRevenue 2065 37
Insert 3308 31 120 180 190 192 267 363 421 435 498 535 558 641 690 752 776 787 872 971 993 0
AddRevenue 3308 67.19
Insert 2204 15 72 111 197 257 304 353 408 413 449 505 520 577 632 665 761 766 839 866 906 979 0
AddRevenue 2204 27
Insert 4786 35 90 116 153 211 238 239 269 368 406 458 525 567 573 618 662 749 834 889 984 0
AddRevenue 4786 57
Insert 2516 89 101 164 219 254 338 392 491 540 607 652 661 674 745 800 814 902 955 956 0
AddRevenue 2516 46.99
Insert 2843 22 96 185 212 305 380 467 504 514 526 596 597 672 769 780 833 909 975 0
AddRevenue 2843 42
Insert 2831 44 60 115 136 205 236 262 321 331 402 406 452 549 647 730 774 864 899 947 0
AddRevenue 2831 87
Insert 150 4 78 81 161 176 219 279 346 347 362 389 477 525 533 602 691 703 796 828 902 915 0
AddRevenue 150 20
Insert 2946 93 105 139 238 306 352 445 516 564 598 695 769 772 820 824 870 889 893 945 0
AddRevenue 2946 12
Insert 710 25 45 104 171 260 334 408 505 556 592 626 698 796 892 921 998 0
AddRevenue 710 74
Insert 1608 44 120 152 160 225 292 358 452 468 504 528 617 709 729 777 777 785 806 845 854 859 936 975 0
AddRevenue 1608 28
Insert 3677 100 115 213 252 307 397 467 494 517 608 699 766 792 868 882 919 933 0
AddRevenue 3677 19
Insert 2149 20 71 125 213 230 246 323 355 440 452 496 520 581 641 668 679 713 747 786 789 816 833 909 988 0
AddRevenue 2149 89
Insert 95 64 160 202 270 331 358 439 470 480 532 544 554 628 720 731 749 756 782 799 885 940 0
AddRevenue 95 66
Insert 3796 58 74 124 157 227 312 380 446 536 536 623 634 727 816 855 876 949 964 0
AddRevenue 3796 28
Insert 2130 94 174 179 199 207 305 349 390 470 545 584 646 661 707 757 785 847 853 884 977 0
AddRevenue 2130 23
Insert 4656 12 102 171 177 187 204 269 346 392 423 520 548 615 617 704 763 803 893 984 0
AddRevenue 4656 89.49
Insert 4961 84 182 253 346 437 437 506 581 605 606 667 716 751 810 843 896 905 947 0
AddRevenue 4961 14
Insert 3316 53 78 165 175 175 192 279 290 351 363 439 535 552 552 647 682 707 724 745 819 824 832 866 927 0
AddRevenue 3316 97
Insert 396 52 68 79 101 171 182 278 299 386 420 489 561 616 680 696 767 862 957 0
AddRevenue 396 59.49
Insert 2092 38 74 109 170 194 278 361 439 519 564 568 649 671 720 737 800 832 860 921 0
AddRevenue 2092 80.09
Insert 297 79 86 139 194 259 287 295 376 406 493 532 574 670 759 846 896 923 943 979 0
AddRevenue 297 67
Insert 4267 26 102 181 200 231 254 257 257 273 283 336 389 467 526 557 632 656 664 683 766 789 797 896 941 0
AddRevenue 4267 70
Insert 75 87 178 224 254 292 387 394 444 507 586 683 706 716 815 882 931 973 0
AddRevenue 75 25.49
Insert 942 10 49 75 103 184 193 194 233 233 298 299 326 407 450 467 565 631 642 691 756 805 883 928 0
AddRevenue 942 69.09
Insert 2605 2 70 74 113 169 268 302 386 430 526 618 669 766 792 867 956 961 0
AddRevenue 2605 89
Insert 3963 48 107 176 263 337 376 437 467 530 624 640 734 806 878 902 953 0
AddRevenue 3963 75.49
Insert 2359 99 133 136 219 257 321 384 398 446 489 533 550 602 650 701 720 725 725 821 885 971 0
AddRevenue 2359 85
Insert 346 3 52 123 167 210 271 306 310 386 460 465 465 510 528 586 628 710 785 806 885 898 952 992 0
AddRevenue 346 13
Insert 4682 83 146 222 262 333 347 366 422 429 486 535 569 614 694 712 729 792 859 912 957 965 970 971 986 0
AddRevenue 4682 17
Insert 63 3 10 43 88 115 192 278 322 363 435 480 540 614 617 653 681 780 820 910 912 0
AddRevenue 63 67.59
Insert 121 36 128 207 235 253 279 376 438 476 511 555 610 701 757 815 855 867 961 0
AddRevenue 121 68
Insert 3465 81 147 174 261 273 334 378 423 473 547 641 698 772 793 812 815 907 909 982 986 0
AddRevenue 3465 40
Insert 897 70 133 191 239 321 354 415 459 551 638 682 735 770 856 886 983 0
AddRevenue 897 72
Insert 2728 7 11 105 120 128 225 279 283 302 329 349 361 428 511 597 638 737 829 873 894 923 965 0
AddRevenue 2728 59
Insert 630 35 36 91 137 169 190 205 252 297 326 354 453 507 530 629 709 772 822 853 949 975 0
AddRevenue 630 36
Insert 1043 65 128 141 181 216 249 288 357 454 484 550 591 597 638 696 782 851 867 870 918 997 0
AddRevenue 1043 10
Insert 331 15 63 63 149 162 257 355 403 447 498 587 647 718 747 770 800 825 915 999 0
AddRevenue 331 40
Insert 1678 1 35 83 149 221 282 375 468 515 579 629 658 721 724 806 833 898 997 0
AddRevenue 1678 31
Insert 577 61 110 134 200 286 351 424 491 517 534 593 676 744 816 821 881 888 916 939 949 0
AddRevenue 577 17
Insert 2680 88 119 198 282 367 377 472 532 614 661 725 762 839 842 902 908 990 0
AddRevenue 2680 82
Insert 517 59 100 102 175 221 240 240 337 384 471 541 582 596 605 655 718 751 826 894 976 0
AddRevenue 517 25
Insert 1862 83 121 184 203 280 281 366 465 526 543 599 636 663 741 791 800 809 889 974 0
AddRevenue 1862 30.59
Insert 901 65 78 148 165 172 224 256 305 352 355 397 453 481 534 609 681 775 847 913 960 0
AddRevenue 901 44
Insert 4832 18 96 105 202 208 289 308 394 449 491 571 665 673 689 751 802 874 932 990 0
AddRevenue 4832 54.39
Insert 759 6 90 187 281 363 418 456 466 486 571 607 613 653 658 752 801 831 917 962 0
AddRevenue 759 21
Insert 2280 33 43 68 123 218 298 332 426 505 594 626 648 741 742 814 879 944 993 0
AddRevenue 2280 47
Insert 2391 60 110 152 200 248 335 364 398 483 568 626 651 691 703 714 771 870 882 974 997 0
AddRevenue 2391 48
Insert 4201 46 83 95 101 104 152 186 188 259 287 295 334 363 427 518 537 575 598 613 677 731 814 899 968 0
AddRevenue 4201 70
Insert 2287 28 58 121 179 230 239 319 340 354 435 504 543 588 651 718 814 826 891 914 999 0
AddRevenue 2287 62
Insert 2745 24 82 97 101 193 205 289 304 321 341 346 372 394 467 546 621 696 728 785 831 908 967 0
AddRevenue 2745 40
Insert 3847 50 76 134 218 262 306 395 433 499 593 597 629 675 689 785 866 910 923 937 943 0
AddRevenue 3847 17
Insert 4491 67 148 175 212 237 296 378 385 458 495 503 576 631 688 741 816 913 965 0
AddRevenue 4491 18
Insert 1484 48 116 202 286 342 349 385 467 540 623 647 732 791 884 968 0
AddRevenue 1484 46
Insert 1244 79 104 196 197 272 337 422 505 581 655 735 748 777 835 847 855 863 901 950 966 990 0
AddRevenue 1244 94.59
Insert 1054 6 82 166 229 258 356 365 371 428 505 543 588 624 667 723 817 856 878 943 0
AddRevenue 1054 63
Insert 3120 70 125 154 190 212 302 364 402 468 536 634 666 697 755 846 896 949 0
AddRevenue 3120 23
Insert 3057 69 103 174 261 262 307 325 348 390 425 472 510 555 617 660 738 830 888 910 978 0
AddRevenue 3057 66
Insert 1122 28 50 59 74 149 194 255 350 431 467 508 592 619 651 716 745 762 762 793 824 844 848 917 965 0
AddRevenue 1122 37
Insert 3093 61 122 174 232 251 261 288 369 452 468 505 599 610 671 769 858 918 949 971 0
AddRevenue 3093 91
Insert 3924 18 101 147 240 280 321 337 418 468 527 565 660 750 838 879 885 898 932 0
AddRevenue 3924 59
Insert 2718 61 100 189 218 314 382 451 534 564 591 616 650 706 706 731 814 888 973 0
AddRevenue 2718 25
Insert 3542 25 117 202 298 375 442 527 547 636 697 775 861 951 980 993 0
AddRevenue 3542 72
Insert 4987 57 102 144 170 183 247 300 361 418 451 451 516 556 645 677 760 816 831 914 917 936 0
AddRevenue 4987 35
Insert 3418 32 100 169 211 230 254 317 365 440 511 587 605 693 786 843 910 959 0
AddRevenue 3418 24.29
Insert 2990 79 178 255 272 279 373 407 437 528 547 619 638 639 701 788 796 859 948 981 0
AddRevenue 2990 47
Insert 2181 47 129 189 259 348 428 490 583 635 718 791 868 886 967 977 0
AddRevenue 2181 38
Insert 462 51 86 153 213 270 365 407 436 533 612 702 759 837 872 898 966 0
AddRevenue 462 57
Insert 1507 6 53 58 67 163 185 231 281 329 416 420 450 517 614 707 744 777 799 898 980 982 0
AddRevenue 1507 39
Insert 1455 36 67 138 144 242 315 340 348 438 501 535 605 620 685 749 756 759 774 846 925 951 989 999 0
AddRevenue 1455 91
Insert 473 71 128 208 287 304 358 413 452 504 527 577 637 648 705 726 731 806 863 914 947 0
AddRevenue 473 40.19
Insert 4120 65 97 154 251 273 303 314 400 431 507 605 613 670 708 792 796 847 857 881 925 995 0
AddRevenue 4120 60.99
Insert 1406 55 103 162 255 268 303 310 317 364 448 459 497 527 529 536 569 605 690 732 778 845 898 905 953 0
AddRevenue 1406 65
Insert 2257 5 31 62 83 163 247 325 381 395 456 474 504 599 688 722 723 725 819 859 928 970 998 0
AddRevenue 2257 37
Insert 2784 10 65 99 181 245 284 349 359 407 440 492 516 559 593 674 734 804 875 908 979 0
AddRevenue 2784 41
Insert 2821 29 105 170 229 307 353 440 450 506 589 677 703 785 813 864 950 951 964 0
AddRevenue 2821 37
Insert 2258 3 7 17 63 151 176 267 320 416 476 490 513 589 600 672 697 697 762 852 942 0
AddRevenue 2258 59
Insert 2401 93 152 213 296 335 408 418 452 519 546 637 715 797 872 951 992 0
AddRevenue 2401 96
Insert 4253 72 132 145 159 249 297 392 393 435 486 533 595 634 727 764 841 907 990 0
AddRevenue 4253 13
Insert 4260 9 14 102 111 195 201 289 329 380 385 445 512 608 632 725 771 869 942 0
AddRevenue 4260 22
Insert 1808 57 136 212 225 270 329 425 448 531 615 641 671 725 729 730 733 782 866 931 0
AddRevenue 1808 44
Insert 3582 92 134 170 221 241 295 328 399 449 493 567 626 643 681 764 810 837 899 946 0
AddRevenue 3582 69
Insert 2793 70 94 137 198 264 351 418 501 557 569 622 642 717 762 777 865 868 898 940 953 999 0
AddRevenue 2793 75
Insert 4159 5 41 48 129 161 202 250 333 335 423 502 557 587 644 720 755 822 873 971 0
AddRevenue 4159 95
Insert 4948 55 153 252 312 380 408 436 484 529 616 622 709 806 826 835 880 977 0
AddRevenue 4948 11
Insert 655 25 44 138 141 221 312 340 436 506 549 550 614 709 777 868 898 947 0
AddRevenue 655 14
Insert 3187 28 42 77 124 152 224 279 370 412 446 486 514 557 594 610 673 712 760 831 888 978 0
AddRevenue 3187 51
Insert 739 59 100 179 231 241 322 405 411 462 516 530 542 589 658 715 730 821 911 990 0
AddRevenue 739 86
Insert 2898 23 81 98 180 205 265 288 294 309 386 459 547 623 644 701 708 726 745 779 841 916 919 996 0
AddRevenue 2898 65
Insert 2125 69 115 156 240 322 350 424 454 541 575 636 642 656 665 736 739 809 842 909 939 976 0
AddRevenue 2125 81
Insert 480 28 111 135 209 253 317 325 368 463 529 533 590 640 720 801 891 969 0
AddRevenue 480 71
Insert 4780 9 14 25 73 110 187 206 273 276 305 383 475 494 535 572 614 693 694 774 848 861 916 0
AddRevenue 4780 35
Insert 3408 61 105 144 169 189 252 275 297 390 433 515 612 678 771 830 831 856 897 921 0
AddRevenue 3408 96
Insert 1477 84 87 93 138 188 223 314 362 448 525 606 645 703 714 749 846 852 891 940 959 998 0
AddRevenue 1477 11
Insert 4606 18 84 121 129 200 264 305 375 467 547 578 646 676 745 820 820 841 901 914 982 0
AddRevenue 4606 78.09
Insert 701 20 38 85 101 147 153 166 188 252 350 419 437 484 515 534 605 624 677 719 787 802 846 890 966 0
AddRevenue 701 20
Insert 3616 47 73 89 91 127 196 261 314 376 381 391 460 514 561 654 713 726 775 835 883 918 944 960 0
AddRevenue 3616 58
Find 121
AddRevenue 121 50
Find 121
Find 264
AddRevenue 264 35.09
Find 264
Find 367
AddRevenue 367 47.79
Find 367
Find 473
AddRevenue 473 13
Find 473
Find 484
AddRevenue 484 20
Find 484
Find 486
AddRevenue 486 28
Find 486
Find 494
AddRevenue 494 66
Find 494
Find 555
AddRevenue 555 74
Find 555
Find 691
AddRevenue 691 45
Find 691
Find 710
AddRevenue 710 99
Find 710
Find 936
AddRevenue 936 49
Find 936
Find 1138
AddRevenue 1138 36
Find 1138
Find 1168
AddRevenue 1168 62
Find 1168
Find 1287
AddRevenue 1287 97
Find 1287
Find 1388
AddRevenue 1388 87.39
Find 1388
Find 1503
AddRevenue 1503 66
Find 1503
Find 1558
AddRevenue 1558 19
Find 1558
Find 1561
AddRevenue 1561 92
Find 1561
Find 1564
AddRevenue 1564 74.49
Find 1564
Find 1747
AddRevenue 1747 32.99
Find 1747
Find 1897
AddRevenue 1897 90
Find 1897
Find 1972
AddRevenue 1972 18
Find 1972
Find 2125
AddRevenue 2125 59
Find 2125
Find 2130
AddRevenue 2130 82.89
Find 2130
Find 2491
AddRevenue 2491 98
Find 2491
Find 2564
AddRevenue 2564 31
Find 2564
Find 2618
AddRevenue 2618 70
Find 2618
Find 2728
AddRevenue 2728 35
Find 2728
Find 2743
AddRevenue 2743 69
Find 2743
Find 2814
AddRevenue 2814 30
Find 2814
Find 2898
AddRevenue 2898 76
Find 2898
Find 2988
AddRevenue 2988 89
Find 2988
Find 3020
AddRevenue 3020 60
Find 3020
Find 3041
AddRevenue 3041 81.09
Find 3041
Find 3066
AddRevenue 3066 69
Find 3066
Find 3176
AddRevenue 3176 24
Find 3176
Find 3288
AddRevenue 3288 92.19
Find 3288
Find 3357
AddRevenue 3357 43
Find 3357
Find 3472
AddRevenue 3472 30.89
Find 3472
Find 3542
AddRevenue 3542 58
Find 3542
Find 3577
AddRevenue 3577 22
Find 3577
Find 3625
AddRevenue 3625 20
Find 3625
Find 3714
AddRevenue 3714 31
Find 3714
Find 3813
AddRevenue 3813 27
Find 3813
Find 3876
AddRevenue 3876 71
Find 3876
Find 3988
AddRevenue 3988 96
Find 3988
Find 4020
AddRevenue 4020 29
Find 4020
Find 4161
AddRevenue 4161 49
Find 4161
Find 4241
AddRevenue 4241 94.59
Find 4241
Find 4286
AddRevenue 4286 39
Find 4286
Find 4323
AddRevenue 4323 29
Find 4323
Find 4641
AddRevenue 4641 75.39
Find 4641
Delete 4987
AddInterests 8 15 86 130 0
AddInterests 95 13 18 80 0
RemoveInterests 96 25 231 553 631 928 0
AddInterests 120 12 53 101 0
AddInterests 156 10 131 198 0
AddInterests 226 15 44 120 0
AddInterests 283 15 105 148 0
RemoveInterests 367 51 167 646 976 0
AddInterests 368 12 110 120 0
AddInterests 412 17 36 106 0
RemoveInterests 462 51 86 213 407 533 0
AddInterests 594 10 18 94 0
AddInterests 620 10 18 27 0
AddInterests 646 11 81 133 0
AddInterests 651 15 76 125 0
AddInterests 718 18 99 143 0
AddInterests 759 15 17 76 0
AddInterests 817 17 80 111 0
AddInterests 833 12 57 131 0
AddInterests 897 16 50 69 0
AddInterests 910 10 28 64 0
AddInterests 992 14 69 136 0
AddInterests 1087 16 35 74 0
AddInterests 1123 17 92 141 0
RemoveInterests 1220 39 109 347 0
AddInterests 1400 13 61 116 0
AddInterests 1416 18 27 89 0
AddInterests 1484 12 76 166 0
AddInterests 1593 10 39 102 0
AddInterests 1678 12 22 112 0
AddInterests 1873 10 53 107 0
AddInterests 1897 15 15 50 0
AddInterests 1972 17 37 50 0
AddInterests 2010 17 116 149 0
AddInterests 2125 18 37 53 0
RemoveInterests 2144 27 916 0
AddInterests 2150 16 104 142 0
RemoveInterests 2258 3 513 0
AddInterests 2280 15 55 116 0
AddInterests 2282 10 88 115 0
AddInterests 2335 12 97 161 0
AddInterests 2461 17 38 83 0
RemoveInterests 2491 66 138 646 677 718 966 0
AddInterests 2680 10 28 123 0
AddInterests 2694 13 103 172 0
RemoveInterests 2886 4 29 624 908 993 0
AddInterests 2898 11 16 20 0
RemoveInterests 2936 17 92 205 530 0
AddInterests 2946 17 36 67 0
AddInterests 2956 17 24 29 0
RemoveInterests 2997 51 286 822 0
AddInterests 3059 101 167 168 0
AddInterests 3090 18 60 103 0
AddInterests 3098 10 60 135 0
AddInterests 3101 10 83 90 0
AddInterests 3206 11 93 136 0
AddInterests 3255 15 108 171 0
RemoveInterests 3316 53 707 824 0
AddInterests 3338 13 79 89 0
AddInterests 3373 14 25 79 0
AddInterests 3616 13 49 109 0
AddInterests 3647 11 41 109 0
AddInterests 3653 10 31 128 0
AddInterests 3714 16 77 151 0
AddInterests 3743 12 81 125 0
AddInterests 3760 10 64 148 0
AddInterests 3801 14 52 122 0
RemoveInterests 3827 24 376 407 536 848 928 0
AddInterests 3828 13 169 268 0
AddInterests 3829 19 100 176 0
AddInterests 3842 18 70 136 0
AddInterests 3985 15 52 120 0
AddInterests 4020 17 95 176 0
AddInterests 4103 18 79 137 0
AddInterests 4120 10 88 125 0
AddInterests 4253 14 27 91 0
AddInterests 4286 12 97 135 0
AddInterests 4317 19 92 144 0
AddInterests 4377 12 34 81 0
AddInterests 4380 10 53 128 0
AddInterests 4384 19 22 86 0
AddInterests 4682 11 14 25 0
Range 10 19
Range 50 59
Range 90 200
AddRevenue 27 65
AddRevenue 75 93
AddRevenue 82 43
AddRevenue 96 84
AddRevenue 143 42
AddRevenue 226 11
AddRevenue 235 45
AddRevenue 282 10.69
AddRevenue 292 62
AddRevenue 294 38
AddRevenue 346 46
AddRevenue 412 22
AddRevenue 462 15
AddRevenue 545 88
AddRevenue 651 99.29
AddRevenue 696 34
AddRevenue 759 68
AddRevenue 817 97
AddRevenue 836 32.09
AddRevenue 878 30
AddRevenue 919 21
AddRevenue 921 89
AddRevenue 941 94
AddRevenue 1040 24.99
AddRevenue 1055 63.99
AddRevenue 1129 42.79
AddRevenue 1141 20
AddRevenue 1170 20
AddRevenue 1202 32
AddRevenue 1220 26
AddRevenue 1343 63
AddRevenue 1400 81.49
AddRevenue 1454 13.99
AddRevenue 1464 94
AddRevenue 1561 72
AddRevenue 1566 76
AddRevenue 1593 50
AddRevenue 1680 73
AddRevenue 1683 48
AddRevenue 1708 41
AddRevenue 1733 45
AddRevenue 1892 81.19
AddRevenue 1986 26
AddRevenue 2044 52
AddRevenue 2149 87
AddRevenue 2258 66.69
AddRevenue 2278 94
AddRevenue 2335 80
AddRevenue 2422 98
AddRevenue 2461 61
AddRevenue 2564 28
AddRevenue 2670 94
AddRevenue 2745 96
AddRevenue 2747 96
AddRevenue 2831 77
AddRevenue 2880 85
AddRevenue 2898 49
AddRevenue 3076 31.89
AddRevenue 3176 52
AddRevenue 3187 87
AddRevenue 3255 68
AddRevenue 3289 21
AddRevenue 3362 41
AddRevenue 3378 55
AddRevenue 3394 37
AddRevenue 3454 95
AddRevenue 3519 50
AddRevenue 3553 64
AddRevenue 3610 80
AddRevenue 3689 11
AddRevenue 3702 50
AddRevenue 3796 19.19
AddRevenue 3828 57.39
AddRevenue 3829 39
AddRevenue 3847 65
AddRevenue 3875 26.69
AddRevenue 3883 19
AddRevenue 3985 16
AddRevenue 4089 95
AddRevenue 4159 51
AddRevenue 4166 16
AddRevenue 4260 78
AddRevenue 4323 22.49
AddRevenue 4378 57
AddRevenue 4384 91
AddRevenue 4470 73
AddRevenue 4505 82
AddRevenue 4767 15.99
AddRevenue 4807 39
AddRevenue 4866 56
AddRevenue 4886 76
AddRevenue 4962 58
AddRevenue 8 67
AddRevenue 75 46
AddRevenue 150 10
AddRevenue 183 19
AddRevenue 203 71
AddRevenue 235 69.89
AddRevenue 282 28
AddRevenue 283 54
AddRevenue 294 28
AddRevenue 297 35
AddRevenue 319 51.29
AddRevenue 371 64
AddRevenue 545 98
AddRevenue 642 42
AddRevenue 655 20
AddRevenue 691 49
AddRevenue 739 62
AddRevenue 791 13
AddRevenue 798 13
AddRevenue 829 54
AddRevenue 880 37
AddRevenue 919 83
AddRevenue 941 75
AddRevenue 1228 23
AddRevenue 1378 68
AddRevenue 1409 41
AddRevenue 1428 93
AddRevenue 1441 72
AddRevenue 1476 43
AddRevenue 1608 82
AddRevenue 1661 96.99
AddRevenue 1708 47
AddRevenue 1744 36
AddRevenue 1759 23
AddRevenue 1851 81
AddRevenue 1883 75
AddRevenue 1972 81
AddRevenue 1981 36
AddRevenue 2023 18
AddRevenue 2144 12
AddRevenue 2149 34
AddRevenue 2167 67
AddRevenue 2212 74
AddRevenue 2257 26
AddRevenue 2271 70
AddRevenue 2280 99.29
AddRevenue 2422 91
AddRevenue 2443 91.19
AddRevenue 2564 29
AddRevenue 2604 58
AddRevenue 2605 17.69
AddRevenue 2663 57
AddRevenue 2745 76
AddRevenue 2755 21
AddRevenue 2831 25
AddRevenue 2990 90
AddRevenue 2997 35
AddRevenue 3020 66
AddRevenue 3076 78
AddRevenue 3113 41.99
AddRevenue 3140 59
AddRevenue 3188 98.19
AddRevenue 3288 29
AddRevenue 3308 53
AddRevenue 3316 78
AddRevenue 3348 19
AddRevenue 3408 16.79
AddRevenue 3453 16
AddRevenue 3557 85
AddRevenue 3636 12
AddRevenue 3689 27
AddRevenue 3727 68.09
AddRevenue 3745 13.49
AddRevenue 3760 85.49
AddRevenue 3805 16
AddRevenue 3839 16
AddRevenue 3939 85
AddRevenue 4084 48
AddRevenue 4144 87.19
AddRevenue 4253 35
AddRevenue 4286 90
AddRevenue 4323 84
AddRevenue 4380 56
AddRevenue 4384 93
AddRevenue 4441 20
AddRevenue 4524 33
AddRevenue 4626 88
AddRevenue 4641 53
AddRevenue 4754 90
AddRevenue 4798 70
AddRevenue 4825 87
AddRevenue 4881 80
AddRevenue 27 17
AddRevenue 75 40
AddRevenue 143 75
AddRevenue 150 32
AddRevenue 183 55
AddRevenue 253 60
AddRevenue 396 54
AddRevenue 486 42
AddRevenue 494 64
AddRevenue 535 75
AddRevenue 555 18
AddRevenue 577 29
AddRevenue 583 80
AddRevenue 594 51
AddRevenue 669 64
AddRevenue 701 47
AddRevenue 706 55
AddRevenue 711 79.59
AddRevenue 739 22
AddRevenue 759 86
AddRevenue 792 64
AddRevenue 798 16
AddRevenue 880 52
AddRevenue 889 11
AddRevenue 897 91
AddRevenue 910 92
AddRevenue 936 77
AddRevenue 1009 51.79
AddRevenue 1021 72
AddRevenue 1047 63
AddRevenue 1122 83
AddRevenue 1168 64.29
AddRevenue 1170 96
AddRevenue 1200 77
AddRevenue 1409 48
AddRevenue 1558 87
AddRevenue 1561 73.99
AddRevenue 1593 81
AddRevenue 1632 87
AddRevenue 1650 10
AddRevenue 1860 63.79
AddRevenue 2092 81
AddRevenue 2149 97
AddRevenue 2166 65
AddRevenue 2204 74
AddRevenue 2218 30
AddRevenue 2434 88
AddRevenue 2741 60.49
AddRevenue 2755 58.49
AddRevenue 2756 15
AddRevenue 2798 87
AddRevenue 2814 65
AddRevenue 2821 51
AddRevenue 2894 75
AddRevenue 3041 84
AddRevenue 3090 24
AddRevenue 3188 35
AddRevenue 3206 10
AddRevenue 3408 17
AddRevenue 3472 28
AddRevenue 3484 89
AddRevenue 3557 29
AddRevenue 3653 44
AddRevenue 3714 52
AddRevenue 3743 36.49
AddRevenue 3797 46
AddRevenue 3813 78.39
AddRevenue 3816 63.09
AddRevenue 3847 56
AddRevenue 3861 42.69
AddRevenue 3986 40
AddRevenue 4000 28
AddRevenue 4103 51
AddRevenue 4201 84
AddRevenue 4323 30
AddRevenue 4377 37
AddRevenue 4441 36
AddRevenue 4491 88
AddRevenue 4498 38
AddRevenue 4502 69
AddRevenue 4505 57
AddRevenue 4606 57.29
AddRevenue 4609 10
AddRevenue 4755 89
AddRevenue 4801 27
AddRevenue 4818 14
AddRevenue 4897 65.29
AddRevenue 4962 78.29
AddRevenue 8 61
AddRevenue 36 61
AddRevenue 75 42
AddRevenue 96 23
AddRevenue 253 70
AddRevenue 282 30
AddRevenue 399 67
AddRevenue 412 39
AddRevenue 484 36
AddRevenue 517 16
AddRevenue 555 97
AddRevenue 583 34
AddRevenue 597 72
AddRevenue 614 16
AddRevenue 620 11
AddRevenue 630 55.79
AddRevenue 646 41
AddRevenue 651 70
AddRevenue 711 99.69
AddRevenue 718 94
AddRevenue 750 66
AddRevenue 779 96
AddRevenue 798 60
AddRevenue 829 24
AddRevenue 833 86
AddRevenue 878 22.59
AddRevenue 889 62
AddRevenue 925 20
AddRevenue 936 80.99
AddRevenue 941 66
AddRevenue 964 29
AddRevenue 1009 41
AddRevenue 1129 25
AddRevenue 1194 99
AddRevenue 1200 17
AddRevenue 1400 96
AddRevenue 1564 60
AddRevenue 1593 68
AddRevenue 1618 74
AddRevenue 1627 56.69
AddRevenue 1629 47
AddRevenue 1650 52
AddRevenue 1728 40
AddRevenue 1759 64.49
AddRevenue 1929 39
AddRevenue 1972 86
AddRevenue 2010 19
AddRevenue 2043 57
AddRevenue 2166 49
AddRevenue 2167 51
AddRevenue 2204 84
AddRevenue 2258 43.69
AddRevenue 2271 81
AddRevenue 2810 34
AddRevenue 2831 65
AddRevenue 2880 18
AddRevenue 2990 60
AddRevenue 3041 55
AddRevenue 3090 11
AddRevenue 3093 90
AddRevenue 3106 55.79
AddRevenue 3288 31
AddRevenue 3308 57
AddRevenue 3348 45
AddRevenue 3362 67
AddRevenue 3378 11
AddRevenue 3394 77
AddRevenue 3472 50
AddRevenue 3577 84.99
AddRevenue 3582 60
AddRevenue 3610 57
AddRevenue 3637 90.09
AddRevenue 3727 11
AddRevenue 3778 60
AddRevenue 3861 30
AddRevenue 4016 51
AddRevenue 4089 40
AddRevenue 4120 74.29
AddRevenue 4126 92.19
AddRevenue 4159 77
AddRevenue 4161 39
AddRevenue 4241 92
AddRevenue 4245 67
AddRevenue 4253 50
AddRevenue 4317 61
AddRevenue 4333 36.89
AddRevenue 4338 54
AddRevenue 4342 88
AddRevenue 4350 93
AddRevenue 4384 89
AddRevenue 4524 30
AddRevenue 4648 49.69
AddRevenue 4754 22
AddRevenue 4801 57.89
AddRevenue 4832 93
AddRevenue 4897 22.19
AddRevenue 96 48
AddRevenue 176 93
AddRevenue 226 17
AddRevenue 235 61
AddRevenue 280 63.39
AddRevenue 282 91
AddRevenue 283 97
AddRevenue 393 53
AddRevenue 447 48
AddRevenue 475 59
AddRevenue 484 45
AddRevenue 646 50
AddRevenue 688 45.59
AddRevenue 690 44
AddRevenue 706 38
AddRevenue 711 52
AddRevenue 880 83
AddRevenue 925 43
AddRevenue 936 74
AddRevenue 942 43
AddRevenue 971 32
AddRevenue 1021 73
AddRevenue 1061 52
AddRevenue 1087 18.39
AddRevenue 1141 25
AddRevenue 1170 95.79
AddRevenue 1200 31
AddRevenue 1297 16
AddRevenue 1343 54
AddRevenue 1378 61
AddRevenue 1441 90
AddRevenue 1477 90
AddRevenue 1627 87.49
AddRevenue 1629 71
AddRevenue 1661 73
AddRevenue 1680 22
AddRevenue 1730 59
AddRevenue 1793 18
AddRevenue 1862 14
AddRevenue 1883 56
AddRevenue 1929 22
AddRevenue 2010 40
AddRevenue 2065 49.89
AddRevenue 2093 55.29
AddRevenue 2127 92
AddRevenue 2150 78.49
AddRevenue 2181 38
AddRevenue 2257 78
AddRevenue 2391 59
AddRevenue 2461 64
AddRevenue 2513 98
AddRevenue 2574 17
AddRevenue 2604 83.79
AddRevenue 2747 61
AddRevenue 2749 64
AddRevenue 2756 52
AddRevenue 2821 45
AddRevenue 2875 26
AddRevenue 2880 83
AddRevenue 2898 84
AddRevenue 2931 87
AddRevenue 3038 58
AddRevenue 3076 30
AddRevenue 3093 65
AddRevenue 3120 51.89
AddRevenue 3188 20.09
AddRevenue 3308 20
AddRevenue 3348 39
AddRevenue 3350 71
AddRevenue 3373 26
AddRevenue 3542 37.69
AddRevenue 3569 10
AddRevenue 3651 83
AddRevenue 3677 71
AddRevenue 3714 22
AddRevenue 3727 55
AddRevenue 3796 18
AddRevenue 3816 98
AddRevenue 3827 16.79
AddRevenue 3839 86
AddRevenue 3847 60
AddRevenue 3861 96
AddRevenue 3924 64
AddRevenue 3988 41
AddRevenue 4089 50.29
AddRevenue 4241 44
AddRevenue 4279 92
AddRevenue 4286 63
AddRevenue 4317 53
AddRevenue 4341 58
AddRevenue 4470 61
AddRevenue 4571 15
AddRevenue 4609 59
AddRevenue 4624 27
AddRevenue 4648 33.99
AddRevenue 4660 19
AddRevenue 4682 58
AddRevenue 4767 34.59
AddRevenue 4780 63.89
AddRevenue 4801 16.99
AddRevenue 4818 53
AddRevenue 4881 24
AddRevenue 4886 60
AddRevenue 4925 64
AddRevenue 4948 89
AddRevenue 27 35
AddRevenue 80 71
AddRevenue 150 30
AddRevenue 183 90
AddRevenue 212 35
AddRevenue 319 29
AddRevenue 347 14
AddRevenue 371 40
AddRevenue 399 40
AddRevenue 447 97
AddRevenue 462 39
AddRevenue 494 35
AddRevenue 535 64.89
AddRevenue 545 88
AddRevenue 555 84
AddRevenue 559 45
AddRevenue 577 61
AddRevenue 597 30
AddRevenue 642 26
AddRevenue 690 32
AddRevenue 696 83
AddRevenue 878 36
AddRevenue 889 46
AddRevenue 919 84
AddRevenue 922 41
AddRevenue 925 50
AddRevenue 942 46
AddRevenue 964 70
AddRevenue 1021 48
AddRevenue 1129 62
AddRevenue 1170 49
AddRevenue 1200 28
AddRevenue 1202 73.39
AddRevenue 1416 97
AddRevenue 1426 43.99
AddRevenue 1484 28
AddRevenue 1503 34
AddRevenue 1507 36
AddRevenue 1558 59
AddRevenue 1564 67
AddRevenue 1608 83
AddRevenue 1676 53
AddRevenue 1680 49.39
AddRevenue 1708 26
AddRevenue 1719 52
AddRevenue 1793 39
AddRevenue 1851 50.39
AddRevenue 1883 58.49
AddRevenue 1892 47
AddRevenue 2023 20.39
AddRevenue 2044 88
AddRevenue 2093 48
AddRevenue 2130 41
AddRevenue 2149 59
AddRevenue 2150 82
AddRevenue 2188 76.49
AddRevenue 2248 27
AddRevenue 2359 72
AddRevenue 2442 38.19
AddRevenue 2461 63
AddRevenue 2500 78
AddRevenue 2574 69
AddRevenue 2605 30
AddRevenue 2663 35.29
AddRevenue 2694 28
AddRevenue 2749 59
AddRevenue 2756 81
AddRevenue 2798 85.39
AddRevenue 2805 24.59
AddRevenue 2814 17
AddRevenue 2821 12
AddRevenue 2875 71
AddRevenue 2886 86
AddRevenue 3093 81.69
AddRevenue 3101 82
AddRevenue 3141 49
AddRevenue 3206 14
AddRevenue 3348 10
AddRevenue 3357 26.69
AddRevenue 3408 25
AddRevenue 3453 93
AddRevenue 3542 88
AddRevenue 3553 20
AddRevenue 3569 27
AddRevenue 3582 88
AddRevenue 3616 52
AddRevenue 3625 39
AddRevenue 3677 91
AddRevenue 3727 85
AddRevenue 3778 45
AddRevenue 3896 11
AddRevenue 3963 21.39
AddRevenue 4016 76
AddRevenue 4094 14
AddRevenue 4140 76
AddRevenue 4159 72
AddRevenue 4172 35.09
AddRevenue 4201 51
AddRevenue 4338 47.69
AddRevenue 4470 56.29
AddRevenue 4529 87
AddRevenue 4595 88
AddRevenue 4648 24
AddRevenue 4781 97
AddRevenue 4830 62
AddRevenue 4866 76
AddRevenue 4881 63
AddRevenue 4886 37.09
AddRevenue 8 22
AddRevenue 27 71
AddRevenue 75 64
AddRevenue 121 87.69
AddRevenue 203 53
AddRevenue 264 60.79
AddRevenue 319 68.19
AddRevenue 407 49.89
AddRevenue 473 87.49
AddRevenue 494 55
AddRevenue 545 57
AddRevenue 620 10
AddRevenue 649 24
AddRevenue 710 15
AddRevenue 718 35
AddRevenue 779 36.39
AddRevenue 792 12
AddRevenue 921 63
AddRevenue 1087 51
AddRevenue 1129 49
AddRevenue 1220 19
AddRevenue 1303 61
AddRevenue 1406 93
AddRevenue 1409 36
AddRevenue 1416 51
AddRevenue 1426 35
AddRevenue 1455 74
AddRevenue 1471 68.99
AddRevenue 1484 66
AddRevenue 1608 42
AddRevenue 1676 31
AddRevenue 1695 24
AddRevenue 1759 55
AddRevenue 1793 46.89
AddRevenue 1851 28
AddRevenue 1892 46
AddRevenue 1897 79
AddRevenue 2044 32
AddRevenue 2065 60.79
AddRevenue 2204 92
AddRevenue 2218 79
AddRevenue 2248 95
AddRevenue 2278 44
AddRevenue 2434 15
AddRevenue 2556 96
AddRevenue 2564 97.39
AddRevenue 2604 74
AddRevenue 2618 48
AddRevenue 2680 29
AddRevenue 2805 93
AddRevenue 2814 99
AddRevenue 2843 61.39
AddRevenue 2997 96
AddRevenue 3041 87
AddRevenue 3059 87
AddRevenue 3066 11
AddRevenue 3068 23
AddRevenue 3093 28
AddRevenue 3098 52
AddRevenue 3141 60.79
AddRevenue 3176 67.19
AddRevenue 3288 87
AddRevenue 3394 56
AddRevenue 3418 55
AddRevenue 3519 97
AddRevenue 3743 48
AddRevenue 3752 39
AddRevenue 3828 78
AddRevenue 3876 14.59
AddRevenue 3986 83
AddRevenue 4016 99
AddRevenue 4027 19
AddRevenue 4084 58.99
AddRevenue 4094 54
AddRevenue 4126 87.99
AddRevenue 4172 72
AddRevenue 4201 70
AddRevenue 4279 30
AddRevenue 4342 43
AddRevenue 4377 45
AddRevenue 4384 30
AddRevenue 4502 90.29
AddRevenue 4606 62
AddRevenue 4612 63
AddRevenue 4626 96
AddRevenue 4754 42
AddRevenue 4755 78.19
AddRevenue 4787 27
AddRevenue 4925 36
AddRevenue 4948 33
AddRevenue 27 10
AddRevenue 36 78
AddRevenue 96 48
AddRevenue 253 10
AddRevenue 280 13
AddRevenue 346 46.09
AddRevenue 396 21
AddRevenue 484 96
AddRevenue 535 94
AddRevenue 614 65
AddRevenue 642 62
AddRevenue 653 33
AddRevenue 688 97
AddRevenue 690 48
AddRevenue 718 72
AddRevenue 829 34
AddRevenue 910 92.09
AddRevenue 919 74
AddRevenue 1021 91
AddRevenue 1047 97
AddRevenue 1075 18.49
AddRevenue 1220 12.29
AddRevenue 1363 65
AddRevenue 1388 24
AddRevenue 1441 90
AddRevenue 1455 91.89
AddRevenue 1484 71
AddRevenue 1650 71
AddRevenue 1678 76
AddRevenue 1748 41
AddRevenue 1808 13
AddRevenue 2010 55
AddRevenue 2027 54
AddRevenue 2212 96
AddRevenue 2213 66
AddRevenue 2218 31
AddRevenue 2257 63
AddRevenue 2335 60
AddRevenue 2461 96
AddRevenue 2556 86
AddRevenue 2618 42
AddRevenue 2680 44
AddRevenue 2724 53
AddRevenue 2798 35.99
AddRevenue 2805 66
AddRevenue 2894 54
AddRevenue 3090 74
AddRevenue 3176 65
AddRevenue 3187 80.59
AddRevenue 3316 66.79
AddRevenue 3348 77
AddRevenue 3357 57
AddRevenue 3577 36
AddRevenue 3636 45
AddRevenue 3653 15
AddRevenue 3714 36.79
AddRevenue 3727 87
AddRevenue 3752 20
AddRevenue 3778 62
AddRevenue 3816 50
AddRevenue 3828 47
AddRevenue 3876 22
AddRevenue 3896 82.19
AddRevenue 3939 37
AddRevenue 3985 30
AddRevenue 3988 85
AddRevenue 4020 47
AddRevenue 4084 10
AddRevenue 4103 82.69
AddRevenue 4279 15
AddRevenue 4377 79
AddRevenue 4384 79
AddRevenue 4441 20
AddRevenue 4502 94
AddRevenue 4508 56.59
AddRevenue 4624 44
AddRevenue 4641 47
AddRevenue 4680 90
AddRevenue 4755 43
AddRevenue 4761 88
AddRevenue 4786 44
AddRevenue 4807 13
AddRevenue 4825 67
AddRevenue 4881 30
AddRevenue 36 67
AddRevenue 63 13
AddRevenue 203 91
AddRevenue 249 99
AddRevenue 281 37
AddRevenue 292 20
AddRevenue 462 13
AddRevenue 473 80
AddRevenue 480 83
AddRevenue 486 30
AddRevenue 555 10
AddRevenue 597 14.49
AddRevenue 642 23
AddRevenue 701 96.09
AddRevenue 750 63
AddRevenue 817 10
AddRevenue 889 29.69
AddRevenue 897 72
AddRevenue 910 66
AddRevenue 919 51
AddRevenue 941 46
AddRevenue 1040 97
AddRevenue 1043 70
AddRevenue 1055 63
AddRevenue 1168 79
AddRevenue 1202 27
AddRevenue 1228 11
AddRevenue 1244 15
AddRevenue 1253 60.19
AddRevenue 1287 40
AddRevenue 1400 96
AddRevenue 1409 42
AddRevenue 1428 75
AddRevenue 1454 84
AddRevenue 1471 21.59
AddRevenue 1476 34
AddRevenue 1629 53
AddRevenue 1680 83
AddRevenue 1682 66
AddRevenue 1683 47
AddRevenue 1728 65
AddRevenue 1748 90
AddRevenue 1860 43
AddRevenue 1972 86
AddRevenue 2044 16
AddRevenue 2166 79
AddRevenue 2213 57.59
AddRevenue 2239 57
AddRevenue 2258 77
AddRevenue 2335 61.69
AddRevenue 2359 43
AddRevenue 2391 60
AddRevenue 2443 99
AddRevenue 2574 74
AddRevenue 2793 40
AddRevenue 2821 67.99
AddRevenue 2893 64
AddRevenue 2898 45.89
AddRevenue 2956 91
AddRevenue 2997 70
AddRevenue 3041 42
AddRevenue 3113 66.19
AddRevenue 3120 12
AddRevenue 3237 35.59
AddRevenue 3308 57
AddRevenue 3373 86
AddRevenue 3454 96
AddRevenue 3582 12
AddRevenue 3625 87
AddRevenue 3714 67
AddRevenue 3743 97
AddRevenue 3745 75
AddRevenue 3778 87
AddRevenue 3861 66.99
AddRevenue 3963 40
AddRevenue 3986 85
AddRevenue 4084 53
AddRevenue 4267 12.79
AddRevenue 4341 78
AddRevenue 4384 21
AddRevenue 4491 29
AddRevenue 4529 53
AddRevenue 4624 28.09
AddRevenue 4633 31
AddRevenue 4648 22
AddRevenue 4680 43
AddRevenue 4780 50.59
AddRevenue 4781 80
AddRevenue 4866 84
AddRevenue 4964 28
AddRevenue 8 57
AddRevenue 156 45
AddRevenue 176 69.69
AddRevenue 183 86
AddRevenue 226 50
AddRevenue 253 42.69
AddRevenue 319 10
AddRevenue 368 63
AddRevenue 396 95
AddRevenue 407 26
AddRevenue 462 81
AddRevenue 473 74
AddRevenue 480 25
AddRevenue 486 40
AddRevenue 637 27.69
AddRevenue 653 63.89
AddRevenue 688 10
AddRevenue 691 83.09
AddRevenue 739 75
AddRevenue 792 89
AddRevenue 829 80
AddRevenue 833 20
AddRevenue 836 12
AddRevenue 897 32
AddRevenue 919 19
AddRevenue 925 75.79
AddRevenue 1021 89
AddRevenue 1040 34.99
AddRevenue 1043 67
AddRevenue 1054 25
AddRevenue 1075 93
AddRevenue 1220 16
AddRevenue 1228 78
AddRevenue 1378 28
AddRevenue 1416 14
AddRevenue 1428 11
AddRevenue 1558 47
AddRevenue 1627 27
AddRevenue 1680 82.69
AddRevenue 1747 19.59
AddRevenue 1839 34.39
AddRevenue 2029 17
AddRevenue 2130 23.19
AddRevenue 2212 39
AddRevenue 2218 91
AddRevenue 2239 36.39
AddRevenue 2257 85
AddRevenue 2278 16
AddRevenue 2401 85
AddRevenue 2516 44
AddRevenue 2604 81
AddRevenue 2670 73
AddRevenue 2694 16
AddRevenue 2718 87
AddRevenue 2724 79
AddRevenue 2805 81
AddRevenue 2847 89
AddRevenue 2890 18
AddRevenue 2909 79
AddRevenue 2946 92.69
AddRevenue 2988 98
AddRevenue 3057 70
AddRevenue 3237 59
AddRevenue 3316 48
AddRevenue 3347 98
AddRevenue 3367 94
AddRevenue 3378 46.09
AddRevenue 3442 37
AddRevenue 3538 60
AddRevenue 3569 49
AddRevenue 3577 31
AddRevenue 3582 10.89
AddRevenue 3647 14
AddRevenue 3651 28.69
AddRevenue 3653 12.59
AddRevenue 3752 41
AddRevenue 3760 24
AddRevenue 3797 96
AddRevenue 3816 48.59
AddRevenue 3842 43
AddRevenue 3939 44.69
AddRevenue 3985 53
AddRevenue 3986 97
AddRevenue 4020 63
AddRevenue 4126 12
AddRevenue 4144 81
AddRevenue 4159 34
AddRevenue 4279 45.09
AddRevenue 4342 37
AddRevenue 4380 80
AddRevenue 4470 28
AddRevenue 4508 77
AddRevenue 4524 66
AddRevenue 4624 97
AddRevenue 4767 21
AddRevenue 4781 95
AddRevenue 4818 17
AddRevenue 4886 75
AddRevenue 4897 80
AddRevenue 4962 70
TopThree 2
TopThree 3
TopThree 4
TopThree 10
TopThree 15
TopThree 35
TopThree 36
TopThree 67
TopThree 80
TopThree 86
TopThree 148
TopThree 279
TopThree 355
TopThree 966
NumberPurchases 120
NumberPurchases 176
NumberPurchases 226
NumberPurchases 253
NumberPurchases 281
NumberPurchases 288
NumberPurchases 346
NumberPurchases 371
NumberPurchases 469
NumberPurchases 494
NumberPurchases 535
NumberPurchases 594
NumberPurchases 637
NumberPurchases 655
NumberPurchases 691
NumberPurchases 696
NumberPurchases 718
NumberPurchases 739
NumberPurchases 817
NumberPurchases 878
NumberPurchases 897
NumberPurchases 936
NumberPurchases 1043
NumberPurchases 1138
NumberPurchases 1194
NumberPurchases 1220
NumberPurchases 1287
NumberPurchases 1343
NumberPurchases 1388
NumberPurchases 1428
NumberPurchases 1432
NumberPurchases 1511
NumberPurchases 1566
NumberPurchases 1593
NumberPurchases 1618
NumberPurchases 1695
NumberPurchases 1728
NumberPurchases 1986
NumberPurchases 2043
NumberPurchases 2092
NumberPurchases 2204
NumberPurchases 2212
NumberPurchases 2213
NumberPurchases 2218
NumberPurchases 2257
NumberPurchases 2282
NumberPurchases 2422
NumberPurchases 2442
NumberPurchases 2443
NumberPurchases 2574
NumberPurchases 2605
NumberPurchases 2618
NumberPurchases 2680
NumberPurchases 2694
NumberPurchases 2743
NumberPurchases 2745
NumberPurchases 2793
NumberPurchases 2805
NumberPurchases 2831
NumberPurchases 2847
NumberPurchases 2909
NumberPurchases 3041
NumberPurchases 3059
NumberPurchases 3066
NumberPurchases 3206
NumberPurchases 3281
NumberPurchases 3348
NumberPurchases 3350
NumberPurchases 3453
NumberPurchases 3454
NumberPurchases 3542
NumberPurchases 3610
NumberPurchases 3625
NumberPurchases 3651
NumberPurchases 3727
NumberPurchases 3760
NumberPurchases 3778
NumberPurchases 3797
NumberPurchases 3802
NumberPurchases 3828
NumberPurchases 3863
NumberPurchases 3939
NumberPurchases 3985
NumberPurchases 3986
NumberPurchases 4027
NumberPurchases 4120
NumberPurchases 4125
NumberPurchases 4140
NumberPurchases 4201
NumberPurchases 4241
NumberPurchases 4267
NumberPurchases 4286
NumberPurchases 4333
NumberPurchases 4341
NumberPurchases 4380
NumberPurchases 4595
NumberPurchases 4629
NumberPurchases 4755
NumberPurchases 4781
NumberPurchases 4832
NumberPurchases 4863
NumberPurchases 4948
End
________________________________________
Output:
861
